drug_code,current_status,current_history_date,previous_status,previous_history_date,drug_identification_number
"100046","MARKETED","2022-01-05","APPROVED","2021-01-22","02511231"
"100097","MARKETED","2022-06-02","APPROVED","2021-01-27","02511789"
"100184","MARKETED","2021-08-25","APPROVED","2021-02-17","02512564"
"100191","MARKETED","2022-07-07","APPROVED","2021-02-15","02512637"
"100315","MARKETED","2021-08-24","APPROVED","2021-03-17","02513951"
"100335","MARKETED","2022-07-06","APPROVED","2021-03-22","02514184"
"100504","MARKETED","2022-06-07","APPROVED","2021-05-04","02515652"
"100558","MARKETED","2021-12-16","APPROVED","2021-05-20","02516209"
"100625","MARKETED","2022-01-21","APPROVED","2021-06-15","02516918"
"100626","MARKETED","2022-01-21","APPROVED","2021-06-15","02516926"
"100627","MARKETED","2022-07-14","APPROVED","2021-06-14","02516934"
"100669","MARKETED","2022-06-30","APPROVED","2021-06-22","02517299"
"100706","MARKETED","2022-07-05","APPROVED","2022-05-19","02517698"
"100776","MARKETED","2022-06-15","APPROVED","2021-07-26","02518430"
"100778","MARKETED","2021-09-29","APPROVED","2021-07-27","02518465"
"101374","MARKETED","2022-07-15","APPROVED","2022-01-25","02524724"
"100812","MARKETED","2022-07-14","APPROVED","2021-08-05","02518821"
"100813","MARKETED","2022-07-14","APPROVED","2021-08-05","02518848"
"100881","MARKETED","2022-03-01","APPROVED","2021-08-26","02519569"
"100882","MARKETED","2022-03-01","APPROVED","2021-08-26","02519577"
"100892","MARKETED","2022-07-27","APPROVED","2021-08-30","02519682"
"100893","MARKETED","2022-07-25","APPROVED","2021-08-30","02519690"
"100894","MARKETED","2022-07-25","APPROVED","2021-08-30","02519704"
"100989","MARKETED","2022-06-27","APPROVED","2021-09-23","02520699"
"100990","MARKETED","2022-06-28","APPROVED","2021-09-23","02520702"
"101039","MARKETED","2022-07-13","APPROVED","2021-10-15","02521172"
"101187","MARKETED","2022-06-27","APPROVED","2021-11-30","02522829"
"101189","MARKETED","2022-06-27","APPROVED","2021-11-30","02522837"
"101209","MARKETED","2022-07-21","APPROVED","2021-12-02","02523019"
"101221","MARKETED","2022-06-17","APPROVED","2021-12-08","02523140"
"101329","MARKETED","2022-07-18","APPROVED","2022-01-13","02524244"
"101333","MARKETED","2022-07-15","APPROVED","2022-01-11","02524295"
"101354","MARKETED","2022-07-25","APPROVED","2022-01-20","02524511"
"101355","MARKETED","2022-07-25","APPROVED","2022-01-20","02524538"
"101356","MARKETED","2022-07-28","APPROVED","2022-01-20","02524546"
"101372","MARKETED","2022-07-15","APPROVED","2022-01-25","02524708"
"101373","MARKETED","2022-07-15","APPROVED","2022-01-25","02524716"
"101383","MARKETED","2022-07-25","APPROVED","2022-01-28","02524813"
"101384","MARKETED","2022-07-25","APPROVED","2022-01-28","02524821"
"101385","MARKETED","2022-07-25","APPROVED","2022-01-28","02524848"
"101386","MARKETED","2022-07-08","APPROVED","2022-01-28","02524856"
"101387","MARKETED","2022-07-08","APPROVED","2022-01-28","02524864"
"101403","MARKETED","2022-04-11","APPROVED","2022-02-16","02525003"
"101440","MARKETED","2022-07-12","APPROVED","2022-02-17","02525380"
"101488","MARKETED","2022-07-01","APPROVED","2022-03-10","02525895"
"101542","MARKETED","2022-07-11","APPROVED","2022-04-01","02526328"
"101543","MARKETED","2022-07-11","APPROVED","2022-04-01","02526336"
"101568","MARKETED","2022-07-01","APPROVED","2022-04-11","02526603"
"101610","MARKETED","2022-07-08","APPROVED","2022-05-09","02527049"
"101622","MARKETED","2022-06-01","APPROVED","2022-05-04","02527170"
"101666","MARKETED","2022-07-18","APPROVED","2022-05-27","02527618"
"101672","MARKETED","2022-07-07","APPROVED","2022-05-31","02527677"
"101772","MARKETED","2022-06-30","APPROVED","2022-06-29","02528495"
"2787","MARKETED","2022-07-19","DORMANT","2021-06-23","00319724"
"6645","MARKETED","2022-07-19","DORMANT","2021-06-23","00319716"
"7203","MARKETED","2022-07-01","APPROVED","2022-06-02","00674354"
"76456","MARKETED","2021-12-20","DORMANT","2021-11-09","02279002"
"87583","MARKETED","2022-06-29","APPROVED","2022-06-29","02390396"
"96598","MARKETED","2019-10-11","APPROVED","2019-04-10","02475634"
"96967","MARKETED","2022-07-06","APPROVED","2018-07-23","02479281"
"97423","MARKETED","2022-07-20","DORMANT","2021-06-15","02483874"
"97538","MARKETED","2022-07-27","APPROVED","2021-11-18","02485125"
"98609","MARKETED","2021-12-01","APPROVED","2020-02-10","02496224"
"98747","MARKETED","2021-07-13","APPROVED","2020-04-01","02497670"
"98800","MARKETED","2021-12-01","APPROVED","2020-04-21","02498227"
"98827","MARKETED","2022-07-22","APPROVED","2020-05-04","02498502"
"98828","MARKETED","2022-07-22","APPROVED","2020-05-04","02498510"
"98962","MARKETED","2022-06-10","APPROVED","2020-06-10","02499916"
"98963","MARKETED","2022-06-10","APPROVED","2020-06-10","02499924"
"98988","MARKETED","2022-07-22","APPROVED","2020-06-11","02500175"
"99508","MARKETED","2021-12-01","APPROVED","2020-09-25","02505703"
"99602","MARKETED","2021-08-20","APPROVED","2020-10-16","02506653"
"100282","CANCELLED PRE MARKET","2022-07-04","APPROVED","2021-03-12","02513633"
"100412","CANCELLED POST MARKET","2022-07-27","MARKETED","2021-08-30","02514729"
"100451","CANCELLED PRE MARKET","2022-07-11","APPROVED","2021-04-14","02515113"
"100767","CANCELLED PRE MARKET","2022-07-11","APPROVED","2021-07-23","02518333"
"100889","CANCELLED PRE MARKET","2022-07-25","APPROVED","2021-09-01","02519658"
"100890","CANCELLED PRE MARKET","2022-07-25","APPROVED","2021-09-01","02519666"
"101577","CANCELLED PRE MARKET","2022-07-26","APPROVED","2022-04-14","02526700"
"10705","CANCELLED POST MARKET","2022-06-20","DORMANT","2017-08-04","00614262"
"11795","CANCELLED POST MARKET","2022-05-18","DORMANT","2020-06-12","01905864"
"11796","CANCELLED POST MARKET","2022-07-18","DORMANT","2017-07-05","01905848"
"12412","CANCELLED POST MARKET","2021-05-03","MARKETED","1992-12-31","01958836"
"14255","CANCELLED POST MARKET","2022-07-04","MARKETED","1993-12-31","02034689"
"1436","CANCELLED POST MARKET","2022-07-13","DORMANT","2018-07-20","00245097"
"14571","CANCELLED POST MARKET","2022-07-13","DORMANT","2019-07-25","02038307"
"14573","CANCELLED POST MARKET","2022-07-13","DORMANT","2019-07-19","02038285"
"14574","CANCELLED POST MARKET","2022-07-13","DORMANT","2019-07-19","02038277"
"15003","CANCELLED POST MARKET","2022-07-13","DORMANT","2021-07-19","02038323"
"15006","CANCELLED POST MARKET","2022-07-13","DORMANT","2021-07-19","02038358"
"15007","CANCELLED POST MARKET","2022-07-13","DORMANT","2021-07-19","02038331"
"15008","CANCELLED POST MARKET","2022-07-13","DORMANT","2021-07-19","02038315"
"17953","CANCELLED POST MARKET","2021-06-22","MARKETED","1994-12-31","02143968"
"19939","CANCELLED POST MARKET","2022-07-14","MARKETED","1996-12-31","02164396"
"19940","CANCELLED POST MARKET","2022-07-14","MARKETED","1996-12-31","02164418"
"19941","CANCELLED POST MARKET","2022-07-14","MARKETED","1996-12-31","02164426"
"2374","CANCELLED POST MARKET","2022-07-18","MARKETED","2018-07-25","00000884"
"26561","CANCELLED POST MARKET","2022-07-04","MARKETED","1998-04-16","02029529"
"33482","CANCELLED POST MARKET","2021-08-31","MARKETED","1998-04-11","02226871"
"33483","CANCELLED POST MARKET","2021-11-30","DORMANT","2019-06-19","02226898"
"3470","CANCELLED POST MARKET","2021-10-29","MARKETED","1979-12-31","00482528"
"43100","CANCELLED POST MARKET","2022-07-05","MARKETED","2003-07-23","02213419"
"43101","CANCELLED POST MARKET","2022-07-05","MARKETED","2004-04-26","02213427"
"43379","CANCELLED PRE MARKET","2022-07-08","APPROVED","2012-02-02","02223643"
"53869","CANCELLED PRE MARKET","2022-07-27","APPROVED","1997-09-22","02233853"
"53870","CANCELLED PRE MARKET","2022-07-27","APPROVED","1997-09-22","02233854"
"53871","CANCELLED PRE MARKET","2022-07-27","APPROVED","1997-09-22","02233855"
"5569","CANCELLED POST MARKET","2022-06-20","DORMANT","2020-08-14","00566810"
"6067","CANCELLED POST MARKET","2022-07-11","MARKETED","2000-08-11","00632775"
"60917","CANCELLED POST MARKET","2022-07-18","DORMANT","2019-02-02","02237578"
"62843","CANCELLED PRE MARKET","2022-07-05","APPROVED","1998-12-17","02239374"
"62871","CANCELLED PRE MARKET","2022-07-05","APPROVED","1998-12-21","02239399"
"62914","CANCELLED PRE MARKET","2022-07-05","APPROVED","1998-12-29","02239441"
"62916","CANCELLED PRE MARKET","2022-07-05","APPROVED","1998-12-29","02239443"
"62917","CANCELLED PRE MARKET","2022-07-05","APPROVED","1998-12-29","02239444"
"62935","CANCELLED PRE MARKET","2022-07-05","APPROVED","1999-01-04","02239461"
"64124","CANCELLED PRE MARKET","2022-07-05","APPROVED","1999-07-08","02240554"
"65812","CANCELLED POST MARKET","2021-12-31","MARKETED","2017-04-21","02242134"
"71408","CANCELLED POST MARKET","2022-07-19","DORMANT","2017-08-04","02247166"
"71409","CANCELLED POST MARKET","2022-07-19","DORMANT","2017-08-04","02247167"
"71411","CANCELLED POST MARKET","2022-07-19","DORMANT","2017-08-04","02247168"
"71412","CANCELLED POST MARKET","2022-07-19","DORMANT","2017-08-04","02247170"
"71413","CANCELLED POST MARKET","2022-07-19","DORMANT","2018-07-25","02247171"
"71414","CANCELLED PRE MARKET","2022-07-19","APPROVED","2003-02-03","02247172"
"71416","CANCELLED POST MARKET","2022-07-19","DORMANT","2017-08-04","02247173"
"71417","CANCELLED POST MARKET","2022-07-19","DORMANT","2017-08-04","02247174"
"71418","CANCELLED POST MARKET","2022-07-19","DORMANT","2017-08-04","02247176"
"71419","CANCELLED POST MARKET","2022-07-19","DORMANT","2017-08-04","02247177"
"71420","CANCELLED POST MARKET","2022-07-19","DORMANT","2017-08-04","02247178"
"71421","CANCELLED POST MARKET","2022-07-19","DORMANT","2017-08-04","02247179"
"71616","CANCELLED POST MARKET","2022-07-19","DORMANT","2019-06-26","02247371"
"71617","CANCELLED POST MARKET","2022-07-19","DORMANT","2017-08-04","02247372"
"72092","CANCELLED PRE MARKET","2022-07-25","APPROVED","2014-08-28","02247798"
"72100","CANCELLED PRE MARKET","2022-07-25","APPROVED","2014-08-28","02247805"
"72453","CANCELLED POST MARKET","2022-07-19","DORMANT","2017-08-04","02248126"
"72454","CANCELLED POST MARKET","2022-07-19","DORMANT","2017-08-04","02248127"
"73019","CANCELLED POST MARKET","2022-05-01","MARKETED","2015-10-13","02248657"
"74833","CANCELLED POST MARKET","2022-07-19","DORMANT","2019-10-30","02262924"
"75568","CANCELLED PRE MARKET","2022-07-27","APPROVED","2005-08-09","02270293"
"75770","CANCELLED POST MARKET","2022-03-04","MARKETED","2016-07-15","02272172"
"76197","CANCELLED PRE MARKET","2022-07-27","APPROVED","2006-01-31","02276291"
"76228","CANCELLED PRE MARKET","2022-07-27","APPROVED","2006-02-08","02276615"
"76246","CANCELLED PRE MARKET","2022-07-27","APPROVED","2006-02-09","02276798"
"76297","CANCELLED PRE MARKET","2022-07-27","APPROVED","2006-02-17","02277336"
"76306","CANCELLED PRE MARKET","2022-07-27","APPROVED","2006-02-20","02277425"
"76452","CANCELLED POST MARKET","2022-07-04","MARKETED","2006-03-28","02278960"
"76458","CANCELLED POST MARKET","2022-07-04","MARKETED","2006-03-28","02279029"
"77862","CANCELLED PRE MARKET","2022-07-27","APPROVED","2007-03-15","02293250"
"77874","CANCELLED POST MARKET","2022-07-28","DORMANT","2018-06-21","02293374"
"77902","CANCELLED PRE MARKET","2022-07-28","APPROVED","2007-04-04","02293633"
"78162","CANCELLED POST MARKET","2022-07-04","DORMANT","2018-07-12","02296292"
"79757","CANCELLED POST MARKET","2022-07-14","MARKETED","2017-11-29","02312050"
"79758","CANCELLED POST MARKET","2022-07-14","MARKETED","2017-11-29","02312069"
"79759","CANCELLED POST MARKET","2022-07-14","MARKETED","2017-11-30","02312077"
"79942","CANCELLED PRE MARKET","2022-07-04","APPROVED","2008-07-14","02313898"
"800","CANCELLED POST MARKET","2022-07-11","MARKETED","1997-12-15","00005606"
"8054","CANCELLED POST MARKET","2022-06-30","MARKETED","2006-12-13","00717282"
"80549","CANCELLED POST MARKET","2022-06-29","MARKETED","2009-01-26","02320029"
"83568","CANCELLED POST MARKET","2022-07-18","DORMANT","2021-12-01","02350475"
"83569","CANCELLED POST MARKET","2022-07-18","DORMANT","2021-12-01","02350483"
"83570","CANCELLED POST MARKET","2022-07-18","DORMANT","2021-12-01","02350491"
"83571","CANCELLED POST MARKET","2022-07-18","DORMANT","2021-12-01","02350505"
"83694","CANCELLED POST MARKET","2022-07-18","DORMANT","2020-11-12","02351684"
"83946","CANCELLED POST MARKET","2020-08-01","DORMANT","2018-07-24","02354276"
"8468","CANCELLED POST MARKET","2022-06-20","DORMANT","2017-08-04","00765252"
"84685","CANCELLED POST MARKET","2022-01-06","MARKETED","2014-07-01","02361809"
"84821","CANCELLED POST MARKET","2022-07-12","DORMANT","2017-07-18","02363208"
"84822","CANCELLED POST MARKET","2022-07-12","DORMANT","2017-07-18","02363216"
"84823","CANCELLED POST MARKET","2022-07-12","DORMANT","2017-07-18","02363224"
"85155","CANCELLED POST MARKET","2022-07-25","DORMANT","2021-10-19","02366711"
"85451","CANCELLED POST MARKET","2022-07-04","DORMANT","2018-07-12","02369583"
"85485","CANCELLED PRE MARKET","2022-07-04","APPROVED","2011-06-27","02369877"
"85906","CANCELLED PRE MARKET","2022-07-13","APPROVED","2011-09-28","02373858"
"85907","CANCELLED PRE MARKET","2022-07-13","APPROVED","2011-09-28","02373866"
"85908","CANCELLED PRE MARKET","2022-07-13","APPROVED","2011-09-28","02373874"
"86022","CANCELLED POST MARKET","2022-07-21","DORMANT","2019-07-18","02374870"
"86067","CANCELLED PRE MARKET","2022-07-11","APPROVED","2012-04-24","02375273"
"86114","CANCELLED PRE MARKET","2022-07-13","APPROVED","2011-12-06","02375729"
"86115","CANCELLED PRE MARKET","2022-07-13","APPROVED","2011-12-06","02375737"
"86116","CANCELLED PRE MARKET","2022-07-13","APPROVED","2011-12-06","02375745"
"86117","CANCELLED PRE MARKET","2022-07-13","APPROVED","2011-12-06","02375753"
"86318","CANCELLED POST MARKET","2021-11-30","DORMANT","2018-10-24","02377470"
"86319","CANCELLED POST MARKET","2021-11-30","DORMANT","2018-06-23","02377489"
"87727","CANCELLED POST MARKET","2020-07-30","MARKETED","2014-06-04","02391961"
"87745","CANCELLED POST MARKET","2022-07-19","DORMANT","2017-08-04","02392178"
"87746","CANCELLED POST MARKET","2022-07-19","DORMANT","2017-08-04","02392186"
"87747","CANCELLED POST MARKET","2022-07-19","DORMANT","2017-08-04","02392194"
"88246","CANCELLED PRE MARKET","2022-07-04","APPROVED","2012-11-23","02397528"
"88763","CANCELLED POST MARKET","2022-07-28","DORMANT","2018-07-16","02402793"
"88764","CANCELLED POST MARKET","2022-07-28","DORMANT","2018-07-16","02402807"
"88840","CANCELLED POST MARKET","2022-07-21","DORMANT","2017-07-18","02403617"
"89675","CANCELLED POST MARKET","2022-01-19","MARKETED","2021-05-14","02412187"
"90865","CANCELLED POST MARKET","2022-05-31","MARKETED","2014-12-29","02423928"
"90866","CANCELLED POST MARKET","2021-12-31","MARKETED","2014-12-29","02423936"
"90987","CANCELLED POST MARKET","2022-07-25","MARKETED","2022-06-20","02425238"
"91002","CANCELLED POST MARKET","2022-07-25","MARKETED","2022-06-02","02425378"
"91095","CANCELLED POST MARKET","2022-07-25","MARKETED","2022-05-16","02426366"
"91096","CANCELLED POST MARKET","2022-07-25","MARKETED","2022-05-16","02426374"
"91305","CANCELLED PRE MARKET","2022-07-04","APPROVED","2014-07-21","02428571"
"91306","CANCELLED PRE MARKET","2022-07-04","APPROVED","2014-07-21","02428598"
"91307","CANCELLED POST MARKET","2022-07-02","DORMANT","2021-06-17","02428601"
"91986","CANCELLED POST MARKET","2022-07-25","MARKETED","2016-04-07","02435519"
"92041","CANCELLED POST MARKET","2022-02-01","MARKETED","2016-06-03","02436086"
"92046","CANCELLED POST MARKET","2021-05-01","MARKETED","2016-05-19","02436132"
"92121","CANCELLED POST MARKET","2022-04-22","DORMANT","2021-07-22","02436892"
"92146","CANCELLED PRE MARKET","2022-07-13","APPROVED","2015-02-10","02437155"
"92147","CANCELLED PRE MARKET","2022-07-13","APPROVED","2015-02-10","02437163"
"92148","CANCELLED PRE MARKET","2022-07-13","APPROVED","2015-02-10","02437171"
"92310","CANCELLED POST MARKET","2022-07-25","MARKETED","2015-11-12","02438704"
"92643","CANCELLED POST MARKET","2022-07-19","DORMANT","2018-07-25","02442078"
"92950","CANCELLED POST MARKET","2022-07-25","MARKETED","2022-04-08","02444445"
"92951","CANCELLED POST MARKET","2022-07-25","MARKETED","2022-04-08","02444453"
"92952","CANCELLED POST MARKET","2022-07-25","MARKETED","2022-04-08","02444461"
"93008","CANCELLED POST MARKET","2022-07-19","DORMANT","2020-06-26","02444860"
"93058","CANCELLED POST MARKET","2022-07-26","MARKETED","2022-06-02","02445352"
"93123","CANCELLED POST MARKET","2022-07-19","DORMANT","2020-09-29","02445964"
"93124","CANCELLED POST MARKET","2022-07-19","DORMANT","2020-09-29","02445972"
"93125","CANCELLED POST MARKET","2022-07-19","DORMANT","2020-09-29","02445980"
"93140","CANCELLED POST MARKET","2022-07-19","DORMANT","2020-09-29","02446146"
"93141","CANCELLED POST MARKET","2022-07-19","DORMANT","2020-09-29","02446154"
"93142","CANCELLED POST MARKET","2022-07-19","DORMANT","2020-09-29","02446162"
"93281","CANCELLED POST MARKET","2022-07-19","DORMANT","2022-02-01","02447266"
"93518","CANCELLED PRE MARKET","2022-07-19","APPROVED","2015-12-11","02449323"
"93519","CANCELLED PRE MARKET","2022-07-19","APPROVED","2015-12-11","02449331"
"93617","CANCELLED POST MARKET","2022-07-19","DORMANT","2021-06-23","02450143"
"93618","CANCELLED POST MARKET","2022-07-19","DORMANT","2021-06-23","02450151"
"93619","CANCELLED POST MARKET","2022-07-19","DORMANT","2021-06-23","02450178"
"93620","CANCELLED POST MARKET","2021-12-03","MARKETED","2017-06-21","02450186"
"93621","CANCELLED POST MARKET","2022-02-02","MARKETED","2019-07-17","02450194"
"93647","CANCELLED POST MARKET","2022-07-19","DORMANT","2020-09-29","02450348"
"93648","CANCELLED POST MARKET","2022-07-19","DORMANT","2021-01-01","02450356"
"93649","CANCELLED POST MARKET","2022-07-19","DORMANT","2020-09-29","02450364"
"94249","CANCELLED PRE MARKET","2022-07-19","APPROVED","2016-06-15","02455684"
"94250","CANCELLED PRE MARKET","2022-07-19","APPROVED","2016-06-15","02455692"
"94251","CANCELLED PRE MARKET","2022-07-19","APPROVED","2016-06-15","02455706"
"94252","CANCELLED PRE MARKET","2022-07-19","APPROVED","2016-06-15","02455714"
"94365","CANCELLED PRE MARKET","2022-07-19","APPROVED","2019-06-12","02456664"
"94366","CANCELLED PRE MARKET","2022-07-19","APPROVED","2019-06-12","02456672"
"95372","CANCELLED PRE MARKET","2022-07-11","APPROVED","2017-06-30","02465531"
"95387","CANCELLED PRE MARKET","2022-07-11","APPROVED","2017-06-30","02465647"
"95388","CANCELLED PRE MARKET","2022-07-11","APPROVED","2017-06-30","02465655"
"95487","CANCELLED POST MARKET","2022-07-19","DORMANT","2019-06-26","02466538"
"95488","CANCELLED POST MARKET","2022-07-19","DORMANT","2019-06-26","02466546"
"96037","CANCELLED POST MARKET","2022-07-19","DORMANT","2021-06-07","02471264"
"96038","CANCELLED POST MARKET","2022-07-19","DORMANT","2021-06-07","02471272"
"96124","CANCELLED POST MARKET","2021-08-24","MARKETED","2019-06-05","02472007"
"96292","CANCELLED POST MARKET","2022-07-11","DORMANT","2021-07-02","02473534"
"96293","CANCELLED POST MARKET","2022-07-11","DORMANT","2021-07-02","02473542"
"96878","CANCELLED POST MARKET","2022-04-25","MARKETED","2019-01-24","02478056"
"96879","CANCELLED POST MARKET","2022-04-25","MARKETED","2019-01-14","02478064"
"97068","CANCELLED PRE MARKET","2022-07-14","APPROVED","2018-08-14","02480123"
"97139","CANCELLED PRE MARKET","2022-07-19","APPROVED","2018-09-20","02481049"
"97367","CANCELLED POST MARKET","2022-07-25","MARKETED","2022-05-31","02483238"
"97368","CANCELLED POST MARKET","2022-07-25","MARKETED","2022-05-31","02483246"
"97369","CANCELLED POST MARKET","2022-07-25","MARKETED","2022-05-31","02483254"
"97540","CANCELLED PRE MARKET","2022-07-18","APPROVED","2019-01-23","02485141"
"98317","CANCELLED PRE MARKET","2022-07-19","APPROVED","2019-10-18","02493187"
"98318","CANCELLED PRE MARKET","2022-07-19","APPROVED","2019-10-18","02493195"
"98375","CANCELLED POST MARKET","2022-06-08","MARKETED","2021-03-26","02493764"
"99023","CANCELLED PRE MARKET","2022-07-25","APPROVED","2020-06-16","02500566"
"9908","CANCELLED POST MARKET","2022-07-14","MARKETED","1989-12-31","00828866"
"99149","CANCELLED POST MARKET","2022-07-25","MARKETED","2020-12-02","02501880"
"99245","CANCELLED POST MARKET","2021-10-04","MARKETED","2020-10-27","02502925"
"99513","CANCELLED PRE MARKET","2022-07-20","APPROVED","2020-09-29","02505754"
"99590","CANCELLED POST MARKET","2022-01-31","MARKETED","2021-03-08","02506548"
"99862","CANCELLED PRE MARKET","2022-07-25","APPROVED","2020-12-03","02509334"
"10975","DORMANT","2022-07-29","MARKETED","1990-12-31","00765104"
"1285","DORMANT","2022-07-28","MARKETED","2021-02-19","00232351"
"1398","DORMANT","2022-07-07","MARKETED","2009-02-03","00030783"
"20258","DORMANT","2022-07-28","MARKETED","2020-10-08","02162512"
"2197","DORMANT","2022-07-08","MARKETED","1975-12-31","00344508"
"37358","DORMANT","2022-07-28","MARKETED","2019-06-12","02224577"
"5577","DORMANT","2022-07-29","MARKETED","1947-12-31","00586072"
"6283","DORMANT","2022-07-28","MARKETED","2014-04-04","00618454"
"63628","DORMANT","2022-07-26","MARKETED","2018-08-14","02240114"
"64134","DORMANT","2022-07-19","MARKETED","2000-04-19","02240562"
"64135","DORMANT","2022-07-19","MARKETED","2000-04-19","02240563"
"66168","DORMANT","2022-07-29","MARKETED","2001-04-01","02242449"
"66197","DORMANT","2022-07-19","MARKETED","2020-07-07","02242473"
"66399","DORMANT","2022-07-29","MARKETED","2003-08-12","02242618"
"68347","DORMANT","2022-07-15","MARKETED","2020-04-20","02244379"
"68893","DORMANT","2022-07-26","MARKETED","2018-02-23","02244895"
"69105","DORMANT","2022-07-25","MARKETED","2002-03-06","02245099"
"7049","DORMANT","2022-07-29","MARKETED","1976-12-31","00586064"
"70667","DORMANT","2022-07-06","MARKETED","2003-03-12","02246492"
"73535","DORMANT","2022-07-28","MARKETED","2021-02-26","02250535"
"73590","DORMANT","2022-07-25","MARKETED","2004-05-01","02250977"
"74760","DORMANT","2022-07-22","MARKETED","2005-06-15","02262215"
"75330","DORMANT","2022-07-28","MARKETED","2020-06-26","02267918"
"75463","DORMANT","2018-12-05","MARKETED","2005-11-03","02269252"
"75465","DORMANT","2019-02-08","MARKETED","2005-11-03","02269279"
"75466","DORMANT","2019-01-04","MARKETED","2005-11-03","02269287"
"75467","DORMANT","2019-01-30","MARKETED","2005-11-03","02269295"
"76678","DORMANT","2022-07-28","MARKETED","2021-01-11","02281112"
"77113","DORMANT","2022-07-28","MARKETED","2014-07-22","02285622"
"77120","DORMANT","2022-07-05","MARKETED","2016-12-14","02285703"
"77121","DORMANT","2022-07-05","MARKETED","2017-02-15","02285711"
"77958","DORMANT","2022-07-28","MARKETED","2007-10-17","02294230"
"79269","DORMANT","2022-07-13","MARKETED","2008-07-21","02307014"
"79945","DORMANT","2022-06-26","MARKETED","2008-09-04","02313936"
"80455","DORMANT","2022-07-28","MARKETED","2009-01-07","02319063"
"80645","DORMANT","2022-07-21","MARKETED","2020-08-06","02321033"
"80709","DORMANT","2022-07-28","MARKETED","2009-08-25","02321696"
"816","DORMANT","2022-07-28","MARKETED","2021-02-19","00177016"
"83695","DORMANT","2022-07-28","MARKETED","2021-01-19","02351692"
"83777","DORMANT","2022-07-15","MARKETED","2011-02-26","02352516"
"83827","DORMANT","2022-07-19","MARKETED","2010-07-26","02353040"
"83828","DORMANT","2022-07-19","MARKETED","2010-07-26","02353059"
"85353","DORMANT","2022-07-26","MARKETED","2011-10-04","02368552"
"85403","DORMANT","2022-07-26","MARKETED","2018-09-06","02369087"
"85404","DORMANT","2022-07-26","MARKETED","2018-09-06","02369095"
"85406","DORMANT","2022-07-26","MARKETED","2018-09-06","02369117"
"85407","DORMANT","2022-07-26","MARKETED","2018-09-06","02369125"
"85408","DORMANT","2022-07-26","MARKETED","2018-09-06","02369133"
"85448","DORMANT","2022-07-05","MARKETED","2015-01-01","02369559"
"85692","DORMANT","2022-07-06","MARKETED","2013-04-17","02371790"
"85693","DORMANT","2022-07-06","MARKETED","2013-04-17","02371804"
"85694","DORMANT","2022-07-06","MARKETED","2018-09-11","02371812"
"86618","DORMANT","2022-07-26","MARKETED","2012-03-16","02380374"
"87001","DORMANT","2022-06-30","MARKETED","2012-10-01","02384272"
"87088","DORMANT","2022-07-05","MARKETED","2012-09-13","02385244"
"87947","DORMANT","2022-07-26","MARKETED","2013-01-01","02394324"
"87948","DORMANT","2022-07-26","MARKETED","2013-01-01","02394332"
"87949","DORMANT","2022-07-26","MARKETED","2013-01-01","02394340"
"87950","DORMANT","2022-07-26","MARKETED","2013-01-01","02394359"
"88210","DORMANT","2022-07-28","MARKETED","2021-12-07","02397102"
"88211","DORMANT","2022-07-28","MARKETED","2021-12-07","02397110"
"88212","DORMANT","2022-07-28","MARKETED","2021-12-07","02397129"
"88238","DORMANT","2022-07-06","MARKETED","2013-07-09","02397420"
"88471","DORMANT","2022-07-06","MARKETED","2018-11-20","02399865"
"88472","DORMANT","2022-07-06","MARKETED","2018-11-20","02399873"
"89700","DORMANT","2022-07-28","MARKETED","2021-03-23","02412373"
"89701","DORMANT","2022-07-28","MARKETED","2021-03-23","02412381"
"89877","DORMANT","2022-07-28","MARKETED","2013-10-17","02414104"
"89878","DORMANT","2022-07-28","MARKETED","2013-10-17","02414112"
"89952","DORMANT","2022-07-15","MARKETED","2017-03-21","02414899"
"90277","DORMANT","2022-07-26","MARKETED","2014-01-15","02418193"
"90278","DORMANT","2022-07-26","MARKETED","2014-01-15","02418207"
"90279","DORMANT","2022-07-26","MARKETED","2014-01-15","02418215"
"90280","DORMANT","2022-07-26","MARKETED","2014-01-15","02418223"
"90281","DORMANT","2022-07-26","MARKETED","2014-01-15","02418231"
"90282","DORMANT","2022-07-26","MARKETED","2014-01-15","02418258"
"90415","DORMANT","2022-07-26","MARKETED","2014-03-18","02419521"
"90695","DORMANT","2022-07-06","MARKETED","2015-01-21","02422255"
"91367","DORMANT","2022-07-26","MARKETED","2018-03-20","02429233"
"92262","DORMANT","2022-07-28","MARKETED","2016-05-02","02438259"
"92263","DORMANT","2022-07-28","MARKETED","2016-05-02","02438267"
"92583","DORMANT","2022-07-26","MARKETED","2015-10-14","02441454"
"92731","DORMANT","2022-07-04","MARKETED","2015-07-03","02442841"
"93681","DORMANT","2022-07-26","MARKETED","2019-01-11","02450666"
"93682","DORMANT","2022-07-26","MARKETED","2018-12-28","02450674"
"93853","DORMANT","2022-07-28","MARKETED","2016-07-12","02452103"
"94007","DORMANT","2022-07-19","MARKETED","2016-09-20","02453517"
"96424","DORMANT","2022-07-08","MARKETED","2019-07-24","02474239"
"96493","DORMANT","2022-07-06","MARKETED","2019-10-31","02474743"
"96652","DORMANT","2022-07-26","MARKETED","2018-12-21","02475820"
"96666","DORMANT","2022-07-26","MARKETED","2021-02-15","02476592"
"96813","DORMANT","2022-07-26","MARKETED","2018-09-28","02477912"
"96974","DORMANT","2022-07-26","MARKETED","2020-01-14","02479036"
"96975","DORMANT","2022-07-26","MARKETED","2020-01-14","02479044"
"96976","DORMANT","2022-07-26","MARKETED","2020-01-14","02479052"
"96980","DORMANT","2022-07-26","MARKETED","2019-11-09","02479095"
"97121","DORMANT","2022-07-26","MARKETED","2021-02-15","02480719"
"97234","DORMANT","2022-07-26","MARKETED","2019-10-27","02481863"
"97235","DORMANT","2022-07-26","MARKETED","2019-09-20","02481871"
"97236","DORMANT","2022-07-26","MARKETED","2019-09-20","02481898"
"97321","DORMANT","2022-07-12","MARKETED","2019-02-06","02482800"
"97536","DORMANT","2022-07-26","MARKETED","2021-02-03","02485109"
"97537","DORMANT","2022-07-26","MARKETED","2021-02-03","02485117"
"97770","DORMANT","2022-07-03","MARKETED","2019-11-28","02487543"
"97796","DORMANT","2022-07-06","MARKETED","2019-10-04","02487802"
"97797","DORMANT","2022-07-06","MARKETED","2019-10-04","02487810"
"97798","DORMANT","2022-07-06","MARKETED","2019-10-04","02487829"
"97799","DORMANT","2022-07-06","MARKETED","2019-10-04","02487837"
"98432","DORMANT","2022-07-26","MARKETED","2020-01-21","02494299"
"98770","DORMANT","2022-07-26","MARKETED","2020-05-16","02497905"
"98795","DORMANT","2022-07-27","MARKETED","2020-04-30","02498170"
"98817","DORMANT","2022-07-20","MARKETED","2020-04-24","02498383"
"98818","DORMANT","2022-07-20","MARKETED","2020-04-24","02498391"
"98891","DORMANT","2022-07-04","MARKETED","2020-06-25","02499169"
"98916","DORMANT","2022-07-26","MARKETED","2020-06-14","02499444"
"99255","DORMANT","2022-07-05","MARKETED","2021-06-01","02503042"
"99256","DORMANT","2022-07-05","MARKETED","2020-11-18","02503050"
"99346","DORMANT","2022-05-01","MARKETED","2020-10-02","02504006"
"99347","DORMANT","2022-05-01","MARKETED","2020-10-02","02504014"
"99348","DORMANT","2022-05-01","MARKETED","2020-10-02","02504022"
"99754","DORMANT","2022-07-22","MARKETED","2020-12-24","02508176"
"71447","APPROVED","2022-07-20","APPROVED","2003-02-06","02247205"
"94526","APPROVED","2022-07-13","APPROVED","2021-05-18","02458209"
"94964","APPROVED","2022-07-15","APPROVED","2018-04-26","02461897"
