tm_code,tm_formal_name,tm_fr_description,tm_status,tm_status_effective_time
"8000001","levothyroxine","lévothyroxine","Active","19511231"
"8000003","epinephrine","épinéphrine","Active","19511231"
"8000004","phenytoin sodium","phénytoïne sodique","Active","19511231"
"8000005","phenytoin (base)","phénytoïne (base)","Active","19521231"
"8000006","testosterone","testostérone","Active","19531231"
"8000008","hydrocortisone","hydrocortisone","Active","19541231"
"8000009","hydroxyzine","hydroxyzine","Active","19561231"
"8000010","methylphenidate","méthylphénidate","Active","19561231"
"8000012","hydroxychloroquine","hydroxychloroquine","Active","19571231"
"8000013","warfarin","warfarine","Active","19571231"
"8000014","prednisone","prednisone","Active","19591231"
"8000015","spironolactone","spironolactone","Active","19591231"
"8000018","medroxyprogesterone","médroxyprogestérone","Active","19601231"
"8000020","norethindrone","noréthindrone","Active","19611231"
"8000021","conjugated estrogens","oestrogènes conjugués","Active","19631231"
"8000023","acetaminophen and caffeine and codeine","acétaminophène et caféine et codéine","Active","19641231"
"8000024","amitriptyline","amitriptyline","Active","19651231"
"8000026","nortriptyline","nortriptyline","Active","19651231"
"8000027","azathioprine","azathioprine","Active","19661231"
"8000028","dexamethasone (base)","dexaméthasone (base)","Active","19661231"
"8000029","quinine sulfate","sulfate de quinine","Active","19661231"
"8000030","triamcinolone acetonide","acétonide de triamcinolone","Active","19661231"
"8000031","hydrochlorothiazide","hydrochlorothiazide","Active","19681231"
"8000032","carbamazepine","carbamazépine","Active","19691231"
"8000036","clindamycin","clindamycine","Active","19701231"
"8000037","erythromycin","érythromycine","Active","19701231"
"8000038","metronidazole","métronidazole","Active","19701231"
"8000040","cephalexin","céphalexine","Active","19711231"
"8000041","lithium carbonate","carbonate de lithium","Active","19711231"
"8000043","ibuprofen","ibuprofène","Active","19721231"
"8000044","nitroglycerin","nitroglycérine","Active","19721231"
"8000045","oxycodone","oxycodone","Active","19731231"
"8000046","allopurinol","allopurinol","Active","19741231"
"8000047","colchicine","colchicine","Active","19741231"
"8000048","diazepam","diazépam","Active","19741231"
"8000049","ethinyl estradiol and norethindrone","éthinylestradiol et noréthindrone","Active","19741231"
"8000050","nitrofurantoin","nitrofurantoïne","Active","19741231"
"8000051","prednisolone","prednisolone","Active","19741231"
"8000053","betamethasone (base)","bétaméthasone (base)","Inactive","20220627"
"8000054","carbidopa and levodopa","carbidopa et lévodopa","Active","19751231"
"8000055","folic acid","acide folique","Active","19751231"
"8000057","furosemide","furosémide","Active","19761231"
"8000059","acetaminophen and oxycodone","acétaminophène et oxycodone","Active","19771231"
"8000061","clonazepam","clonazépam","Active","19771231"
"8000063","metoprolol","métoprolol","Active","19771231"
"8000064","penicillin V","pénicilline V","Active","19771231"
"8000065","acetaminophen and codeine","acétaminophène et codéine","Active","19781231"
"8000066","baclofen","baclofène","Active","19781231"
"8000067","benztropine","benztropine","Active","19781231"
"8000069","codeine","codéine","Active","19781231"
"8000071","morphine","morphine","Active","19781231"
"8000072","valproic acid (valproate)","acide valproïque (valproate)","Active","19781231"
"8000073","amoxicillin","amoxicilline","Active","19791231"
"8000075","calcitriol","calcitriol","Active","19791231"
"8000078","nystatin","nystatine","Active","19791231"
"8000079","oxazepam","oxazépam","Active","19791231"
"8000080","sulfamethoxazole and trimethoprim","sulfaméthoxazole et triméthoprime","Active","19791231"
"8000081","timolol","timolol","Active","19791231"
"8000082","diclofenac","diclofénac","Active","19801231"
"8000084","haloperidol","halopéridol","Active","19801231"
"8000085","indomethacin","indométhacine","Active","19801231"
"8000086","propranolol","propranolol","Active","19801231"
"8000087","temazepam","témazépam","Active","19801231"
"8000088","alprazolam","alprazolam","Active","19811231"
"8000090","bromazepam","bromazépam","Active","19811231"
"8000091","flurazepam","flurazépam","Active","19811231"
"8000092","hydrochlorothiazide and triamterene","hydrochlorothiazide et triamtérène","Active","19811231"
"8000095","acyclovir","acyclovir","Active","19821231"
"8000097","indapamide","indapamide","Active","19821231"
"8000104","fusidic acid","acide fusidique","Active","19841231"
"8000106","hydromorphone","hydromorphone","Active","19841231"
"8000107","procyclidine","procyclidine","Inactive","20181031"
"8000108","valproic acid (divalproex)","acide valproïque (divalproex)","Active","19841231"
"8000109","lorazepam","lorazépam","Active","19851231"
"8000110","acebutolol","acébutolol","Active","19861231"
"8000114","dexamethasone phosphate","phosphate de dexaméthasone","Active","19861231"
"8000115","glyburide","glyburide","Active","19861231"
"8000117","doxycycline","doxycycline","Active","19871231"
"8000118","enalapril","énalapril","Active","19871231"
"8000119","ethinyl estradiol and levonorgestrel","éthinylestradiol et lévonorgestrel","Active","19871231"
"8000120","ranitidine","ranitidine","Active","19871231"
"8000121","atenolol","aténolol","Active","19881231"
"8000122","diltiazem","diltiazem","Active","19881231"
"8000123","nifedipine","nifédipine","Active","19881231"
"8000124","verapamil","vérapamil","Active","19881231"
"8000127","fentanyl","fentanyl","Active","19891231"
"8000128","fluoxetine","fluoxétine","Active","19891231"
"8000130","metoclopramide","métoclopramide","Active","19891231"
"8000131","omeprazole","oméprazole","Active","19891231"
"8000132","salbutamol","salbutamol","Active","19921231"
"8000134","budesonide","budésonide","Active","19901231"
"8000135","clonidine","clonidine","Active","19901231"
"8000137","dexamethasone sodium phosphate","phosphate de dexaméthasone sodique","Active","19941231"
"8000139","gliclazide","gliclazide","Active","19901231"
"8000140","lisinopril","lisinopril","Active","19901231"
"8000141","pravastatin","pravastatine","Active","19901231"
"8000142","simvastatin","simvastatine","Active","19901231"
"8000143","zopiclone","zopiclone","Active","19901231"
"8000147","clozapine","clozapine","Active","19911231"
"8000148","mometasone","mométasone","Active","19911231"
"8000153","amlodipine","amlodipine","Active","19921231"
"8000154","amoxicillin and clavulanic acid","amoxicilline et acide clavulanique","Active","19921231"
"8000159","ciprofloxacin","ciprofloxacine","Active","19921231"
"8000160","clarithromycin","clarithromycine","Active","19921231"
"8000161","clobetasol","clobétasol","Active","19921231"
"8000162","dextroamphetamine","dextroamphétamine","Active","19921231"
"8000163","doxazosin","doxazosine","Active","19921231"
"8000164","ethinyl estradiol and norgestimate","éthinylestradiol et norgestimate","Active","19921231"
"8000165","felodipine","félodipine","Active","19921231"
"8000166","finasteride","finastéride","Active","19921231"
"8000168","insulin isophane human","insuline isophane humaine","Active","19831231"
"8000169","ketorolac","kétorolac","Active","19921231"
"8000170","quinapril","quinapril","Active","19921231"
"8000171","sertraline","sertraline","Active","19921231"
"8000172","cholecalciferol","cholécalciférol","Active","19921231"
"8000173","fluticasone","fluticasone","Active","19930312"
"8000179","desogestrel and ethinyl estradiol","désogestrel et éthinylestradiol","Active","19931231"
"8000180","diclofenac and misoprostol","diclofénac et misoprostol","Active","19931231"
"8000181","domperidone","dompéridone","Active","19931231"
"8000183","mesalazine","mésalazine","Active","19921231"
"8000184","metformin","metformine","Active","19931231"
"8000185","paroxetine","paroxétine","Active","19931231"
"8000187","risperidone","rispéridone","Active","19931231"
"8000188","terbinafine","terbinafine","Active","19931231"
"8000189","trazodone","trazodone","Active","19931231"
"8000196","cyclobenzaprine","cyclobenzaprine","Active","19941231"
"8000198","digoxin","digoxine","Active","19941231"
"8000200","gabapentin","gabapentine","Active","19941231"
"8000201","hydrochlorothiazide and lisinopril","hydrochlorothiazide et lisinopril","Active","19941231"
"8000202","ipratropium","ipratropium","Active","19941231"
"8000203","isosorbide mononitrate","mononitrate d'isosorbide","Active","19941231"
"8000204","lithium (ion)","lithium (ion)","Inactive","20250704"
"8000205","minocycline","minocycline","Active","19941231"
"8000206","perindopril","périndopril","Active","19941231"
"8000208","beclomethasone","béclométhasone","Active","19951231"
"8000210","cefprozil","cefprozil","Active","19951231"
"8000213","estradiol","estradiol","Active","19951231"
"8000214","lamotrigine","lamotrigine","Active","19951231"
"8000215","lansoprazole","lansoprazole","Active","19951231"
"8000216","losartan","losartan","Active","19951231"
"8000217","methotrexate","méthotrexate","Active","19951231"
"8000218","naproxen","naproxène","Active","19821231"
"8000219","oxybutynin","oxybutynine","Active","19951231"
"8000220","progesterone","progestérone","Active","19951231"
"8000221","valproic acid (base)","acide valproïque (base)","Active","19951231"
"8000222","tacrolimus","tacrolimus","Active","19960814"
"8000224","azithromycin","azithromycine","Active","19960926"
"8000225","fenofibrate","fénofibrate","Active","19961002"
"8000226","olanzapine","olanzapine","Active","19961104"
"8000229","hydrochlorothiazide and losartan","hydrochlorothiazide et losartan","Active","19961122"
"8000230","ciclopirox","ciclopirox","Active","19961203"
"8000233","valacyclovir","valaciclovir","Active","19961231"
"8000234","sumatriptan","sumatriptan","Active","19970211"
"8000235","atorvastatin","atorvastatine","Active","19970305"
"8000236","pantoprazole","pantoprazole","Active","19970305"
"8000237","cetirizine","cétirizine","Active","19970306"
"8000238","clobazam","clobazam","Active","19970324"
"8000239","ramipril","ramipril","Active","19970324"
"8000240","topiramate","topiramate","Active","19970325"
"8000244","latanoprost","latanoprost","Active","19970728"
"8000246","donepezil","donépézil","Active","19970820"
"8000247","terazosin","térazosine","Active","19970926"
"8000248","quetiapine","quétiapine","Active","19971210"
"8000249","valsartan","valsartan","Active","19971215"
"8000250","trandolapril","trandolapril","Active","19980107"
"8000251","olopatadine","olopatadine","Active","19980209"
"8000253","pramipexole","pramipexole","Active","19980226"
"8000254","venlafaxine","venlafaxine","Active","19980304"
"8000256","cyproterone and ethinyl estradiol","cyprotérone et éthinylestradiol","Active","19980408"
"8000257","bupropion","bupropion","Active","19980505"
"8000259","irbesartan","irbésartan","Active","19980622"
"8000261","montelukast","montélukast","Active","19980821"
"8000262","hydrochlorothiazide and quinapril","hydrochlorothiazide et quinapril","Active","19981001"
"8000263","clopidogrel","clopidogrel","Active","19981013"
"8000265","tolterodine","toltérodine","Active","19981123"
"8000266","candesartan","candésartan","Active","19981207"
"8000267","citalopram","citalopram","Active","19990308"
"8000268","sildenafil","sildénafil","Active","19990309"
"8000269","amiodarone","amiodarone","Active","19990329"
"8000271","celecoxib","célécoxib","Active","19990419"
"8000272","dorzolamide and timolol","dorzolamide et timolol","Active","19990527"
"8000273","repaglinide","répaglinide","Active","19990621"
"8000276","rizatriptan","rizatriptan","Active","19990831"
"8000277","telmisartan","telmisartan","Active","19990901"
"8000278","risedronate","risédronate","Active","19990907"
"8000279","fluticasone and salmeterol","fluticasone et salmétérol","Active","19990924"
"8000284","hydrochlorothiazide and irbesartan","hydrochlorothiazide et irbésartan","Active","20000316"
"8000285","methadone","méthadone","Active","20000505"
"8000286","hydrochlorothiazide and valsartan","hydrochlorothiazide et valsartan","Active","20000510"
"8000287","rivastigmine","rivastigmine","Active","20000515"
"8000289","pioglitazone","pioglitazone","Active","20000828"
"8000290","meloxicam","méloxicam","Active","20000926"
"8000291","moxifloxacin","moxifloxacine","Active","20001020"
"8000298","mirtazapine","mirtazapine","Active","20010524"
"8000300","candesartan and hydrochlorothiazide","candésartan et hydrochlorothiazide","Active","20010626"
"8000301","hydrochlorothiazide and telmisartan","hydrochlorothiazide et telmisartan","Active","20010816"
"8000302","betahistine","bétahistine","Active","20010817"
"8000303","esomeprazole","ésoméprazole","Active","20010820"
"8000307","insulin aspart","insuline asparte","Active","20011031"
"8000312","alendronic acid","acide alendronique","Active","20020214"
"8000313","alfuzosin","alfuzosin","Active","20020221"
"8000314","rabeprazole","rabéprazole","Active","20020402"
"8000315","bimatoprost","bimatoprost","Active","20020524"
"8000317","insulin glargine","insuline glargine","Active","20020724"
"8000320","tiotropium","tiotropium","Active","20021121"
"8000321","indapamide and perindopril","indapamide et périndopril","Active","20021219"
"8000322","rosuvastatin","rosuvastatine","Active","20030219"
"8000325","bisoprolol","bisoprolol","Active","20030424"
"8000326","ezetimibe","ézétimibe","Active","20030615"
"8000328","levetiracetam","lévétiracétam","Active","20030723"
"8000329","carvedilol","carvédilol","Active","20030804"
"8000330","dutasteride","dutastéride","Active","20031114"
"8000331","tadalafil","tadalafil","Active","20031125"
"8000332","fosinopril","fosinopril","Active","20031205"
"8000334","ethinyl estradiol and norelgestromin","éthinylestradiol et norelgestromine","Active","20031224"
"8000338","ciprofloxacin and dexamethasone (base)","ciprofloxacine et dexaméthasone (base)","Active","20040513"
"8000343","ethinyl estradiol and etonogestrel","éthinylestradiol et étonogestrel","Active","20041202"
"8000345","drospirenone and ethinyl estradiol","drospirénone et éthinylestradiol","Active","20041222"
"8000346","escitalopram","escitalopram","Active","20050214"
"8000347","atomoxetine","atomoxétine","Active","20050224"
"8000348","pregabalin","prégabaline","Active","20050718"
"8000349","acetaminophen and tramadol","acétaminophène et tramadol","Active","20050722"
"8000352","tamsulosin","tamsulosine","Active","20051011"
"8000353","insulin detemir","insuline détemir","Active","20051114"
"8000360","solifenacin","solifénacine","Active","20060623"
"8000367","ciclesonide","ciclésonide","Active","20060927"
"8000368","hydrochlorothiazide and ramipril","hydrochlorothiazide et ramipril","Active","20061116"
"8000369","tramadol","tramadol","Active","20061207"
"8000371","varenicline","varénicline","Active","20070411"
"8000372","buprenorphine and naloxone","buprénorphine et naloxone","Active","20071126"
"8000374","sitagliptin","sitagliptine","Active","20080102"
"8000375","duloxetine","duloxétine","Active","20080118"
"8000378","dabigatran","dabigatran","Active","20080703"
"8000379","rivaroxaban","rivaroxaban","Active","20080916"
"8000381","travoprost","travoprost","Active","20081110"
"8000382","hydrochlorothiazide and olmesartan","hydrochlorothiazide et olmésartan","Active","20081222"
"8000383","olmesartan","olmésartan","Active","20081222"
"8000385","desvenlafaxine","desvenlafaxine","Active","20090305"
"8000387","lisdexamfetamine","lisdexamfétamine","Active","20090804"
"8000389","aripiprazole","aripiprazole","Active","20090930"
"8000390","metformin and sitagliptin","metformine et sitagliptine","Active","20091008"
"8000391","saxagliptin","saxagliptine","Active","20091029"
"8000394","dexlansoprazole","dexlansoprazole","Active","20100805"
"8000396","galantamine","galantamine","Active","20050429"
"8000398","esomeprazole and naproxen","ésoméprazole et naproxène","Active","20110204"
"8000413","alendronic acid and cholecalciferol","acide alendronique et cholécalciférol","Active","20060313"
"8000773","clotrimazole","clotrimazole","Active","19881231"
"8000774","acetylsalicylic acid and oxycodone","acide acétylsalicylique et oxycodone","Active","19841231"
"8000775","buprenorphine","buprénorphine","Active","20100526"
"8000776","butorphanol","butorphanol","Active","20000801"
"8000777","hydrocodone","hydrocodone","Active","19921231"
"8000778","hydrocodone and phenyltoloxamine","hydrocodone et phényltoloxamine","Inactive","20200129"
"8000779","alcohol anhydrous and doxylamine and etafedrine and hydrocodone and sodium citrate","alcool anhydre et doxylamine et étafédrine et hydrocodone et citrate de sodium","Active","19831231"
"8000780","brompheniramine and guaifenesin and hydrocodone and phenylephrine","bromphéniramine et guaïfénésine et hydrocodone et phényléphrine","Inactive","20211231"
"8000781","hydrocodone and phenylephrine","hydrocodone et phényléphrine","Inactive","20200710"
"8000782","meperidine","mépéridine","Active","19441231"
"8000783","naloxone and oxycodone","naloxone et oxycodone","Active","20101005"
"8000784","normethadone and p-hydroxyephedrine","norméthadone et p-hydroxyéphédrine","Inactive","20220728"
"8000785","belladonna and opium","belladone et opium","Inactive","20210720"
"8000786","pentazocine","pentazocine","Inactive","20210219"
"8000787","insulin lispro","insuline lispro","Active","19961115"
"8000788","belladonna and ergotamine and phenobarbital","belladone et ergotamine et phénobarbital","Inactive","20180605"
"8000789","tapentadol","tapentadol","Active","20120320"
"8000791","betamethasone dipropionate","dipropionate de bétaméthasone","Active","19751231"
"8000792","betamethasone valerate","valérate de bétaméthasone","Active","19791231"
"8000793","triamcinolone hexacetonide","hexacétonide de triamcinolone","Inactive","20240311"
"8000794","betamethasone acetate and betamethasone (base)","acétate de bétaméthasone et bétaméthasone (base)","Active","19651231"
"8000795","acetylsalicylic acid","acide acétylsalicylique","Active","19511231"
"8000798","clioquinol and hydrocortisone","clioquinol et hydrocortisone","Active","19571231"
"8000799","phenobarbital","phénobarbital","Active","19571231"
"8000800","bisacodyl","bisacodyl","Active","19581231"
"8000802","hydrochlorothiazide and spironolactone","hydrochlorothiazide et spironolactone","Active","19601231"
"8000804","ethacrynic acid","acide éthacrynique","Active","19681231"
"8000805","acetylsalicylic acid and butalbital and caffeine and codeine","acide acétylsalicylique et butalbital et caféine et codéine","Active","19701231"
"8000806","acetylsalicylic acid and caffeine and codeine","acide acétylsalicylique et caféine et codéine","Inactive","20210429"
"8000808","acetylsalicylic acid and butalbital and caffeine","acide acétylsalicylique et butalbital et caféine","Active","19711231"
"8000809","chlorhexidine","chlorhexidine","Active","19891231"
"8000811","docusate and sennosides","docusate et sennosides","Active","19751231"
"8000812","hydrocortisone and zinc sulfate","hydrocortisone et sulfate de zinc","Active","19751231"
"8000813","chlorthalidone","chlorthalidone","Active","19761231"
"8000814","metronidazole and nystatin","métronidazole et nystatine","Active","19761231"
"8000817","alcohol anhydrous","alcool anhydre","Inactive","20210503"
"8000819","pindolol","pindolol","Active","19781231"
"8000821","guaifenesin","guaïfénésine","Active","19791231"
"8000823","phenylephrine","phényléphrine","Active","19791231"
"8000824","minoxidil","minoxidil","Active","19801231"
"8000826","guaifenesin and oxtriphylline","guaïfénésine et oxtriphylline","Active","19811231"
"8000827","tobramycin","tobramycine","Active","19811231"
"8000828","acetaminophen and codeine and doxylamine","acétaminophène et codéine et doxylamine","Active","19821231"
"8000829","benzoyl peroxide","peroxyde de benzoyle","Active","19821231"
"8000830","isosorbide dinitrate","dinitrate d'isosorbide","Active","19821231"
"8000831","betamethasone dipropionate and salicylic acid","dipropionate de bétaméthasone et acide salicylique","Active","19831231"
"8000835","hydrochlorothiazide and pindolol","hydrochlorothiazide et pindolol","Inactive","20250930"
"8000836","prazosin","prazosine","Active","19831231"
"8000837","acetaminophen and caffeine","acétaminophène et caféine","Active","19861231"
"8000840","lactulose","lactulose","Active","19861231"
"8000841","cyproterone","cyprotérone","Active","19871231"
"8000842","nadolol","nadolol","Active","19881231"
"8000843","acetaminophen and phenylephrine","acétaminophène et phényléphrine","Active","19891231"
"8000844","amiloride and hydrochlorothiazide","amiloride et hydrochlorothiazide","Active","19891231"
"8000846","betamethasone dipropionate and clotrimazole","dipropionate de bétaméthasone et clotrimazole","Active","19901231"
"8000847","captopril","captopril","Active","19901231"
"8000848","dexamethasone (base) and tobramycin","dexaméthasone (base) et tobramycine","Active","19901231"
"8000849","enalapril and hydrochlorothiazide","énalapril et hydrochlorothiazide","Active","19901231"
"8000850","fluconazole","fluconazole","Active","19901231"
"8000851","hydralazine","hydralazine","Active","19901231"
"8000852","sodium citrate","citrate de sodium","Active","19901231"
"8000853","acetaminophen and chlorzoxazone","acétaminophène et chlorzoxazone","Inactive","20180320"
"8000854","acetaminophen and chlorzoxazone and codeine","acétaminophène et chlorzoxazone et codéine","Inactive","20211130"
"8000855","benzalkonium and coal tar and salicylic acid","benzalkonium et goudron de houille et acide salicylique","Inactive","20190527"
"8000859","acetaminophen and codeine and methocarbamol","acétaminophène et codéine et méthocarbamol","Active","19921231"
"8000861","acetylsalicylic acid and codeine and methocarbamol","acide acétylsalicylique et codéine et méthocarbamol","Active","19921231"
"8000866","mupirocin","mupirocine","Active","19921231"
"8000869","acetaminophen and methocarbamol","acétaminophène et méthocarbamol","Active","19931231"
"8000870","acetylsalicylic acid and caffeine","acide acétylsalicylique et caféine","Inactive","20251103"
"8000872","benazepril","bénazépril","Active","19931231"
"8000873","bumetanide","bumétanide","Active","19931231"
"8000874","cilazapril","cilazapril","Active","19931231"
"8000879","atenolol and chlorthalidone","aténolol et chlorthalidone","Active","19941231"
"8000886","acetylsalicylic acid and citric acid and sodium bicarbonate","acide acétylsalicylique et acide citrique et bicarbonate de sodium","Inactive","20231221"
"8000891","naloxone","naloxone","Active","19951231"
"8000892","sodium citrate and sodium lauryl sulfoacetate and sorbitol","citrate de sodium et laurylsulfoacétate de sodium et sorbitol","Inactive","20200806"
"8000893","sotalol","sotalol","Active","19951231"
"8000894","labetalol","labétalol","Active","19960730"
"8000895","esmolol","esmolol","Active","19960816"
"8000897","benzoyl peroxide and erythromycin","peroxyde de benzoyle et érythromycine","Active","19961105"
"8000898","dibucaine and esculin and framycetin and hydrocortisone","dibucaïne et esculine et framycétine et hydrocortisone","Active","19961230"
"8000899","dorzolamide","dorzolamide","Active","19961231"
"8000900","hamamelis virginiana and phenylephrine","hamamélis de virginie et phényléphrine","Active","19970505"
"8000901","acetylsalicylic acid and methocarbamol","acide acétylsalicylique et méthocarbamol","Active","19970707"
"8000902","formoterol","formotérol","Active","19970708"
"8000903","ipratropium and salbutamol","ipratropium et salbutamol","Active","19970725"
"8000905","salmeterol","salmétérol","Active","19980211"
"8000907","amoxicillin and clarithromycin and lansoprazole","amoxicilline et clarithromycine et lansoprazole","Active","19980818"
"8000908","fusidic acid and hydrocortisone","acide fusidique et hydrocortisone","Active","19981111"
"8000909","cilazapril and hydrochlorothiazide","cilazapril et hydrochlorothiazide","Active","19990401"
"8000915","levonorgestrel","lévonorgestrel","Active","20000224"
"8000916","acetylsalicylic acid and dipyridamole","acide acétylsalicylique et dipyridamole","Inactive","20240731"
"8000917","estradiol and norethindrone","estradiol et noréthindrone","Active","20000525"
"8000919","trimethoprim","triméthoprime","Active","20010101"
"8000920","framycetin and gramicidin and phenylephrine","framycétine et gramicidine et phényléphrine","Active","20010504"
"8000921","misoprostol","misoprostol","Active","20010618"
"8000922","brompheniramine and phenylephrine","bromphéniramine et phényléphrine","Active","20010723"
"8000924","benzoyl peroxide and clindamycin","peroxyde de benzoyle et clindamycine","Active","20010904"
"8000925","brompheniramine and codeine and phenylephrine","bromphéniramine et codéine et phényléphrine","Inactive","20211231"
"8000926","brompheniramine and codeine and guaifenesin and phenylephrine","bromphéniramine et codéine et guaïfénésine et phényléphrine","Inactive","20211231"
"8000927","betamethasone dipropionate and calcipotriol","dipropionate de bétaméthasone et calcipotriol","Active","20011129"
"8000929","bosentan","bosentan","Active","20011214"
"8000930","budesonide and formoterol","budésonide et formotérol","Active","20020208"
"8000931","trandolapril and verapamil","trandolapril et vérapamil","Inactive","20191119"
"8000932","dexamethasone (base) and framycetin and gramicidin","dexaméthasone (base) et framycétine et gramicidine","Active","20020726"
"8000933","latanoprost and timolol","latanoprost et timolol","Active","20021024"
"8000936","ibuprofen and methocarbamol","ibuprofène et méthocarbamol","Active","20030702"
"8000943","amiloride","amiloride","Active","20040618"
"8000947","levofloxacin","lévofloxacine","Active","20041130"
"8000948","acetaminophen and pamabrom","acétaminophène et pamabrom","Inactive","20240723"
"8000950","insulin aspart and insulin aspart protamine","insuline asparte et insuline asparte protamine","Active","20050912"
"8000953","guaifenesin and menthol","guaïfénésine et menthol","Active","20050930"
"8000954","amlodipine and atorvastatin","amlodipine et atorvastatine","Active","20051223"
"8000955","timolol and travoprost","timolol et travoprost","Active","20060411"
"8000956","acetaminophen and doxylamine and phenylephrine","acétaminophène et doxylamine et phényléphrine","Active","20060611"
"8000962","acetaminophen and menthol","acétaminophène et menthol","Active","20060809"
"8000965","aliskiren","aliskirène","Inactive","20240331"
"8000967","carbidopa and entacapone and levodopa","carbidopa et entacapone et lévodopa","Active","20080428"
"8000968","ambrisentan","ambrisentan","Active","20080624"
"8000969","estradiol and levonorgestrel","estradiol et lévonorgestrel","Inactive","20171130"
"8000970","drospirenone and estradiol","drospirénone et estradiol","Active","20081020"
"8000973","eplerenone","éplérénone","Active","20090505"
"8000975","aliskiren and hydrochlorothiazide","aliskirène et hydrochlorothiazide","Inactive","20200211"
"8000978","clotrimazole and fluconazole","clotrimazole et fluconazole","Active","20100310"
"8000982","formoterol and mometasone","formotérol et mométasone","Active","20110310"
"8000983","adapalene and benzoyl peroxide","adapalène et peroxyde de benzoyle","Active","20110513"
"8000984","clindamycin and tretinoin","clindamycine et trétinoïne","Active","20110516"
"8000985","amlodipine and telmisartan","amlodipine et telmisartan","Active","20110811"
"8000986","tolvaptan","tolvaptan","Active","20110922"
"8000988","dutasteride and tamsulosin","dutastéride et tamsulosine","Active","20111117"
"8000994","acetaminophen and guaifenesin and menthol","acétaminophène et guaïfénésine et menthol","Active","20121004"
"8000999","nebivolol","nébivolol","Active","20130402"
"8001000","linagliptin and metformin","linagliptine et metformine","Active","20130417"
"8001001","metformin and saxagliptin","metformine et saxagliptine","Active","20130426"
"8001002","benzalkonium and lidocaine","benzalkonium et lidocaïne","Active","19951231"
"8001003","acyclovir and hydrocortisone","acyclovir et hydrocortisone","Active","20130726"
"8001014","amlodipine and perindopril","amlodipine et périndopril","Active","20160405"
"8001015","cocoa butter and phenylephrine","beurre de cacao et phényléphrine","Inactive","20201009"
"8001016","canagliflozin and metformin","canagliflozine et metformine","Active","20160628"
"8001018","empagliflozin and metformin","empagliflozin et metformine","Active","20160803"
"8001020","mifepristone and misoprostol","mifépristone et misoprostol","Active","20170110"
"8001033","doxylamine","doxylamine","Inactive","20210728"
"8001035","acetaminophen and guaifenesin and phenylephrine","acétaminophène et guaïfénésine et phényléphrine","Active","20060831"
"8001042","hydrochlorothiazide and methyldopa","hydrochlorothiazide et méthyldopa","Inactive","20190504"
"8001044","acetaminophen","acétaminophène","Active","19611231"
"8001045","docusate","docusate","Active","19851231"
"8001047","chlorpropamide","chlorpropamide","Inactive","20250417"
"8001048","tolbutamide","tolbutamide","Inactive","20200724"
"8001049","aminophylline","aminophylline","Active","19811231"
"8001053","zafirlukast","zafirlukast","Inactive","20180102"
"8001057","cefadroxil","céfadroxil","Active","19990602"
"8001060","omalizumab","omalizumab","Active","20050203"
"8001066","mepolizumab","mépolizumab","Active","20160314"
"8001067","reslizumab","reslizumab","Active","20161219"
"8001068","ampicillin","ampicilline","Active","19711231"
"8001069","oxtriphylline","oxtriphylline","Inactive","20240718"
"8001070","aclidinium","aclidinium","Active","20130913"
"8001071","aclidinium and formoterol","aclidinium et formotérol","Active","20150709"
"8001072","alogliptin","alogliptine","Active","20140430"
"8001073","alogliptin and metformin","alogliptine et metformine","Active","20140430"
"8001074","azilsartan","azilsartan","Active","20121108"
"8001075","azilsartan and chlorthalidone","azilsartan et chlorthalidone","Active","20130321"
"8001076","cefuroxime","céfuroxime","Active","19981027"
"8001077","cromolyn","cromolyne","Active","19811231"
"8001078","ephedrine","éphédrine","Active","19661231"
"8001079","eprosartan","éprosartan","Inactive","20230918"
"8001080","eprosartan and hydrochlorothiazide","éprosartan et hydrochlorothiazide","Inactive","20230918"
"8001081","fluticasone and vilanterol","fluticasone et vilantérol","Active","20131129"
"8001082","glycopyrronium","glycopyrronium","Active","19931231"
"8001083","glycopyrronium and indacaterol","glycopyrronium et indacatérol","Active","20140305"
"8001084","indacaterol","indacatérol","Inactive","20230512"
"8001085","olodaterol and tiotropium","olodatérol et tiotropium","Active","20150529"
"8001086","orciprenaline","orciprénaline","Inactive","20221014"
"8001087","rosiglitazone","rosiglitazone","Active","20000321"
"8001088","terbutaline","terbutaline","Active","19901231"
"8001089","umeclidinium","uméclidinium","Active","20150427"
"8001090","umeclidinium and vilanterol","uméclidinium et vilantérol","Active","20140314"
"8001091","chlorambucil","chlorambucil","Active","19571231"
"8001092","nitrazepam","nitrazépam","Active","19801231"
"8001093","nabilone","nabilone","Active","19821231"
"8001094","theophylline","théophylline","Active","19791231"
"8001095","triazolam","triazolam","Active","19891231"
"8001096","tamoxifen","tamoxifène","Active","19891231"
"8001097","chloral hydrate","hydrate de chloral","Active","19901231"
"8001099","brinzolamide and timolol","brinzolamide et timolol","Active","20090825"
"8001100","brinzolamide","brinzolamide","Active","19981111"
"8001101","anastrozole","anastrozole","Active","19960830"
"8001102","letrozole","létrozole","Active","19970902"
"8001103","brimonidine","brimonidine","Active","19971202"
"8001104","naratriptan","naratriptan","Active","19980505"
"8001105","zolmitriptan","zolmitriptan","Active","19980930"
"8001106","ondansetron","ondansétron","Active","19961113"
"8001107","midazolam","midazolam","Active","19990721"
"8001108","ibutilide","ibutilide","Active","20001128"
"8001109","exemestane","exémestane","Active","20000817"
"8001110","almotriptan","almotriptan","Active","20031208"
"8001111","brimonidine and timolol","brimonidine et timolol","Active","20031211"
"8001112","eletriptan","élétriptan","Active","20041013"
"8001114","darifenacin","darifénacine","Active","20060406"
"8001115","trospium","trospium","Active","20060404"
"8001116","granisetron","granisétron","Active","20090220"
"8001118","dexmedetomidine","dexmédétomidine","Active","20100224"
"8001119","liraglutide","liraglutide","Active","20100527"
"8001120","silodosin","silodosine","Active","20111026"
"8001121","zolpidem","zolpidem","Active","20111129"
"8001122","vandetanib","vandétanib","Active","20120223"
"8001123","fesoterodine","fésotérodine","Active","20120419"
"8001124","mirabegron","mirabégron","Active","20130328"
"8001125","linaclotide","linaclotide","Active","20140429"
"8001126","canagliflozin","canagliflozine","Active","20140528"
"8001127","brimonidine and brinzolamide","brimonidine et brinzolamide","Active","20150217"
"8001128","thiotepa","thiotépa","Active","20171031"
"8001129","ozenoxacin","ozénoxacine","Inactive","20240711"
"8001130","lixisenatide","lixisénatide","Inactive","20230915"
"8001131","cysteamine","cystéamine","Active","20171017"
"8001132","nusinersen","nusinersen","Active","20170829"
"8001133","defibrotide","défibrotide","Active","20170906"
"8001135","ocrelizumab","ocrélizumab","Active","20170921"
"8001136","glecaprevir and pibrentasvir","glécaprévir et pibrentasvir","Active","20170913"
"8001137","insulin degludec","insuline dégludec","Active","20170915"
"8001138","durvalumab","durvalumab","Active","20171120"
"8001139","olaratumab","olaratumab","Inactive","20200925"
"8001140","letermovir","létermovir","Active","20171220"
"8001141","avelumab","avelumab","Active","20171218"
"8001142","guselkumab","guselkumab","Active","20171127"
"8001143","methotrimeprazine","méthotriméprazine","Active","19581231"
"8001144","apomorphine","apomorphine","Inactive","20231023"
"8001145","methyldopa","méthyldopa","Active","19761231"
"8001147","apixaban","apixaban","Active","20120201"
"8001148","dupilumab","dupilumab","Active","20180206"
"8001149","lifitegrast","lifitegrast","Active","20180212"
"8001150","metformin and rosiglitazone","metformine et rosiglitazone","Inactive","20170425"
"8001151","migalastat","migalastat","Active","20180115"
"8001152","netupitant and palonosetron","nétupitant et palonosétron","Active","20171120"
"8001153","palonosetron","palonosétron","Active","20120719"
"8001154","peramivir","péramivir","Inactive","20180103"
"8001155","roflumilast","roflumilast","Active","20101230"
"8001156","sofosbuvir","sofosbuvir","Active","20140106"
"8001157","sofosbuvir and velpatasvir","sofosbuvir et velpatasvir","Active","20160802"
"8001158","sofosbuvir and velpatasvir and voxilaprevir","sofosbuvir et velpatasvir et voxilaprévir","Active","20170918"
"8001159","triamcinolone diacetate","diacétate de triamcinolone","Inactive","20170803"
"8001160","vernakalant","vernakalant","Active","20180123"
"8001161","vilazodone","vilazodone","Active","20180131"
"8001162","abacavir","abacavir","Active","19990609"
"8001163","abacavir and dolutegravir and lamivudine","abacavir et dolutégravir et lamivudine","Active","20141022"
"8001164","abacavir and lamivudine","abacavir et lamivudine","Active","20050817"
"8001165","abacavir and lamivudine and zidovudine","abacavir et lamivudine et zidovudine","Inactive","20250417"
"8001166","acetaminophen and diphenhydramine","acétaminophène et diphenhydramine","Active","20121002"
"8001167","acetaminophen and diphenhydramine and phenylephrine","acétaminophène et diphenhydramine et phényléphrine","Active","20141204"
"8001168","adefovir","adéfovir","Inactive","20230512"
"8001169","amikacin","amikacin","Active","20010129"
"8001170","anidulafungin","anidulafungine","Active","20100125"
"8001171","atazanavir","atazanavir","Active","20040109"
"8001172","aztreonam","aztréonam","Active","20091111"
"8001173","betamethasone valerate and gentamicin","valérate de bétaméthasone et gentamicine","Inactive","20220728"
"8001174","caspofungin","caspofungine","Active","20010823"
"8001175","cefazolin","céfazoline","Active","19951231"
"8001176","cefepime","céfépime","Active","20090319"
"8001177","cefotaxime","céfotaxime","Active","20150312"
"8001178","cefoxitin","céfoxitine","Active","19951231"
"8001179","ceftazidime","ceftazidime","Active","19911231"
"8001180","ceftriaxone","ceftriaxone","Active","20070223"
"8001181","colistin","colistine","Active","19741231"
"8001182","daclatasvir","daclatasvir","Inactive","20191203"
"8001183","dapsone","dapsone","Active","19941231"
"8001184","daptomycin","daptomycine","Active","20071203"
"8001185","darunavir","darunavir","Active","20090317"
"8001186","didanosine","didanosine","Inactive","20200402"
"8001187","diphenhydramine","diphenhydramine","Active","19801231"
"8001188","diphenhydramine and ibuprofen","diphenhydramine et ibuprofène","Active","20110103"
"8001189","diphenhydramine and naproxen","diphenhydramine et naproxène","Active","20160224"
"8001190","diphenhydramine and phenylephrine","diphenhydramine et phényléphrine","Inactive","20230306"
"8001191","dolutegravir","dolutégravir","Active","20131108"
"8001192","efavirenz","éfavirenz","Active","19990325"
"8001193","efavirenz and emtricitabine and tenofovir disoproxil","éfavirenz et emtricitabine et ténofovir disoproxil","Active","20071023"
"8001194","elbasvir and grazoprevir","elbasvir et grazoprévir","Inactive","20220816"
"8001195","emtricitabine and rilpivirine and tenofovir alafenamide","emtricitabine et rilpivirine et ténofovir alafénamide","Active","20170320"
"8001196","emtricitabine and rilpivirine and tenofovir disoproxil","emtricitabine et rilpivirine et ténofovir disoproxil","Active","20111020"
"8001197","emtricitabine and tenofovir alafenamide","emtricitabine et ténofovir alafénamide","Active","20160603"
"8001198","emtricitabine and tenofovir disoproxil","emtricitabine et ténofovir disoproxil","Active","20060406"
"8001199","entecavir","entécavir","Active","20060912"
"8001200","ertapenem","ertapénem","Active","20030827"
"8001201","ethambutol","éthambutol","Active","19721231"
"8001202","etravirine","étravirine","Active","20080327"
"8001203","famciclovir","famciclovir","Active","19951231"
"8001204","fosamprenavir","fosamprénavir","Inactive","20241231"
"8001205","ganciclovir","ganciclovir","Active","19951231"
"8001206","gentamicin","gentamicine","Active","19951231"
"8001207","inosine pranobex","inosine pranobex","Active","20000125"
"8001208","itraconazole","itraconazole","Active","19931231"
"8001209","ketoconazole","kétoconazole","Active","19901230"
"8001210","lamivudine","lamivudine","Active","19951231"
"8001211","lamivudine and zidovudine","lamivudine et zidovudine","Active","19981208"
"8001212","ledipasvir and sofosbuvir","lédipasvir et sofosbuvir","Active","20141016"
"8001213","loperamide","lopéramide","Active","19931231"
"8001214","maraviroc","maraviroc","Active","20070926"
"8001215","meropenem","méropénem","Active","19961108"
"8001216","micafungin","micafungine","Active","20070918"
"8001217","nelfinavir","nelfinavir","Inactive","20220602"
"8001218","nevirapine","névirapine","Active","19980917"
"8001219","norfloxacin","norfloxacine","Active","19980720"
"8001220","ombitasvir and paritaprevir and ritonavir","ombitasvir et paritaprévir et ritonavir","Inactive","20180730"
"8001221","penicillin G benzathine","pénicilline G benzathine","Active","20080611"
"8001222","piperacillin","pipéracilline","Inactive","20190401"
"8001223","pyrazinamide","pyrazinamide","Active","19841231"
"8001224","raltegravir","raltégravir","Active","20071128"
"8001225","raltitrexed","raltitrexed","Active","19961118"
"8001226","rifabutin","rifabutine","Active","19951231"
"8001227","rifampin","rifampine","Active","19771231"
"8001228","rilpivirine","rilpivirine","Active","20110831"
"8001229","ritonavir","ritonavir","Active","19960925"
"8001230","saquinavir","saquinavir","Inactive","20210106"
"8001231","simeprevir","siméprévir","Inactive","20180331"
"8001232","spiramycin","spiramycine","Inactive","20230620"
"8001233","stavudine","stavudine","Inactive","20200331"
"8001234","streptomycin","streptomycine","Active","20011015"
"8001235","telavancin","télavancine","Inactive","20181212"
"8001236","tenofovir alafenamide","ténofovir alafénamide","Active","20170620"
"8001237","tenofovir disoproxil","ténofovir disoproxil","Active","20040315"
"8001238","tigecycline","tigécycline","Active","20061130"
"8001239","tipranavir","tipranavir","Active","20051201"
"8001240","zidovudine","zidovudine","Active","19901231"
"8001241","adalimumab","adalimumab","Active","20040924"
"8001242","adapalene","adapalène","Active","19961231"
"8001243","alirocumab","alirocumab","Active","20160429"
"8001244","amcinonide","amcinonide","Active","20030213"
"8001245","benzydamine","benzydamine","Active","19961202"
"8001246","bezafibrate","bézafibrate","Active","19941221"
"8001247","buspirone","buspirone","Active","19961231"
"8001248","calcipotriol","calcipotriol","Active","19921231"
"8001250","clomipramine","clomipramine","Active","19731231"
"8001251","colesevelam","colésévélam","Active","20120206"
"8001252","colestipol","colestipol","Active","19851231"
"8001253","cyclosporine","cyclosporine","Active","19841231"
"8001254","dalteparin","daltéparine sodique","Active","19951231"
"8001255","danaparoid","danaparoïde","Active","19951231"
"8001256","dapagliflozin","dapagliflozine","Active","20150116"
"8001257","dapagliflozin and metformin","dapagliflozine et metformine","Active","20160208"
"8001258","delavirdine","délavirdine","Inactive","20181101"
"8001259","desmopressin","desmopressine","Active","19891231"
"8001260","desonide","désonide","Active","19961111"
"8001261","desoximetasone","désoxyméthasone","Active","19961107"
"8001262","dipyridamole","dipyridamole","Active","19861231"
"8001263","doxepin","doxépine","Active","19701231"
"8001264","efinaconazole","éfinaconazole","Active","20140721"
"8001266","etanercept","étanercept","Active","20010314"
"8001267","etidronate","étidronate","Inactive","20220530"
"8001268","evolocumab","évolocumab","Active","20150928"
"8001269","fludrocortisone","fludrocortisone","Active","19951231"
"8001270","fluocinonide","fluocinonide","Active","19831231"
"8001271","fluvastatin","fluvastatine","Active","19941231"
"8001272","fluvoxamine","fluvoxamine","Active","19911231"
"8001273","guanfacine","guanfacine","Active","20130806"
"8001274","heparin","héparine","Active","19841231"
"8001275","infliximab","infliximab","Active","20010614"
"8001281","insulin pork","isuline porcine","Active","20060401"
"8001283","isotretinoin","isotrétinoïne","Active","19831231"
"8001285","loteprednol","lotéprednol","Active","20090624"
"8001286","lovastatin","lovastatine","Active","19970327"
"8001287","lurasidone","lurasidone","Active","20120905"
"8001288","memantine","mémantine","Active","20041216"
"8001291","methylprednisolone acetate","acétate de méthylprednisolone","Active","19601231"
"8001292","mycophenolic acid","acide mycophénolique","Active","19951231"
"8001293","nadroparin","nadroparine","Inactive","20240723"
"8001294","nepafenac","népafénac","Active","20080821"
"8001295","nicotinamide","nicotinamide","Inactive","20180818"
"8001296","nicotinic acid","acide nicotinique","Inactive","20190722"
"8001297","oseltamivir","oseltamivir","Active","19991223"
"8001298","paliperidone","palipéridone","Active","20071002"
"8001299","permethrin","perméthrine","Active","19881231"
"8001300","pinaverium","pinavérium","Active","19931231"
"8001301","primidone","primidone","Active","19771231"
"8001302","prochlorperazine","prochlorpérazine","Active","19891231"
"8001303","ranibizumab","ranibizumab","Active","20070726"
"8001304","sucralfate","sucralfate","Active","19931231"
"8001306","ticagrelor","ticagrélor","Active","20110601"
"8001307","tretinoin","trétinoïne","Active","19781231"
"8001308","ursodiol","ursodiol","Active","19981108"
"8001309","valganciclovir","valganciclovir","Active","20020716"
"8001310","atazanavir and cobicistat","atazanavir et cobicistat","Inactive","20170922"
"8001311","cholestyramine","cholestyramine","Active","19931231"
"8001312","cobicistat and darunavir","cobicistat et darunavir","Active","20140828"
"8001313","cobicistat and elvitegravir and emtricitabine and tenofovir alafenamide","cobicistat et elvitégravir et emtricitabine et ténofovir alafénamide","Active","20160203"
"8001314","cobicistat and elvitegravir and emtricitabine and tenofovir disoproxil","cobicistat et elvitégravir et emtricitabine et ténofovir disoproxil","Active","20121220"
"8001315","lomitapide","lomitapide","Active","20140506"
"8001316","acarbose","acarbose","Active","19960202"
"8001317","acenocoumarol","acénocoumarol","Inactive","20210902"
"8001318","acetaminophen and chlorpheniramine","acétaminophène et chlorphéniramine","Inactive","20171213"
"8001319","acetaminophen and chlorpheniramine and dextromethorphan","acétaminophène et chlorphéniramine et dextrométhorphane","Active","20040112"
"8001320","acetaminophen and chlorpheniramine and dextromethorphan and guaifenesin and pseudoephedrine","acétaminophène et chlorphéniramine et dextrométhorphane et guaïfénésine et pseudoéphédrine","Active","20050923"
"8001321","acetaminophen and chlorpheniramine and dextromethorphan and phenylephrine","acétaminophène et chlorphéniramine et dextrométhorphane et phényléphrine","Active","20060724"
"8001322","acetaminophen and chlorpheniramine and dextromethorphan and pseudoephedrine","acétaminophène et chlorphéniramine et dextrométhorphane et pseudoéphédrine","Active","19951231"
"8001323","acetaminophen and chlorpheniramine and phenylephrine","acétaminophène et chlorphéniramine et phényléphrine","Active","19941231"
"8001324","acetaminophen and chlorpheniramine and pseudoephedrine","acétaminophène et chlorphéniramine et pseudoéphédrine","Active","19861231"
"8001325","acetaminophen and dextromethorphan and diphenhydramine","acétaminophène et dextrométhorphane et diphenhydramine","Active","20060831"
"8001326","acetaminophen and dextromethorphan and diphenhydramine and guaifenesin and pseudoephedrine","acétaminophène et dextrométhorphane et diphenhydramine et guaïfénésine et pseudoéphédrine","Active","20120425"
"8001327","acetaminophen and dextromethorphan and diphenhydramine and pseudoephedrine","acétaminophène et dextrométhorphane et diphenhydramine et pseudoéphédrine","Active","20120828"
"8001328","acetaminophen and dextromethorphan and doxylamine","acétaminophène et dextrométhorphane et doxylamine","Active","20060626"
"8001329","acetaminophen and dextromethorphan and doxylamine and guaifenesin and pseudoephedrine","acétaminophène et dextrométhorphane et doxylamine et guaïfénésine et pseudoéphédrine","Active","20121210"
"8001330","acetaminophen and dextromethorphan and doxylamine and phenylephrine","acétaminophène et dextrométhorphane et doxylamine et phényléphrine","Active","20140815"
"8001331","acetaminophen and dextromethorphan and doxylamine and pseudoephedrine","acétaminophène et dextrométhorphane et doxylamine et pseudoéphédrine","Active","19970109"
"8001332","acetaminophen and dextromethorphan and guaifenesin and phenylephrine","acétaminophène et dextrométhorphane et guaïfénésine et phényléphrine","Active","20070306"
"8001333","acetaminophen and dextromethorphan and guaifenesin and pseudoephedrine","acétaminophène et dextrométhorphane et guaïfénésine et pseudoéphédrine","Active","19970806"
"8001334","acetaminophen and dextromethorphan and phenylephrine","acétaminophène et dextrométhorphane et phényléphrine","Active","20060626"
"8001335","acetaminophen and dextromethorphan and pseudoephedrine","acétaminophène et dextrométhorphane et pseudoéphédrine","Active","19951231"
"8001336","acetaminophen and diphenhydramine and pseudoephedrine","acétaminophène et diphenhydramine et pseudoéphédrine","Active","19980305"
"8001337","acetaminophen and doxylamine and pseudoephedrine","acétaminophène et doxylamine et pseudoéphédrine","Active","20030307"
"8001338","acetaminophen and pseudoephedrine","acétaminophène et pseudoéphédrine","Active","19921231"
"8001339","alfacalcidol","alfacalcidol","Active","19801231"
"8001340","amantadine","amantadine","Active","19921231"
"8001341","azelaic acid","acide azélaïque","Active","20100615"
"8001342","benserazide and levodopa","bensérazide et lévodopa","Active","19771231"
"8001343","bromocriptine","bromocriptine","Active","19941231"
"8001344","brompheniramine and dextromethorphan and phenylephrine","bromphéniramine et dextrométhorphane et phényléphrine","Active","20010725"
"8001345","bupropion and naltrexone","bupropion et naltrexone","Active","20180316"
"8001346","cabergoline","cabergoline","Active","20000630"
"8001347","ceftolozane and tazobactam","ceftolozane et tazobactam","Active","20160112"
"8001348","cetirizine and pseudoephedrine","cétirizine et pseudoéphédrine","Active","20030307"
"8001349","chloramphenicol","chloramphénicol","Active","19591231"
"8001350","chlordiazepoxide","chlordiazépoxide","Active","19811231"
"8001351","chlordiazepoxide and clidinium","chlordiazépoxide et clidinium","Active","19611231"
"8001352","chloroquine","chloroquine","Inactive","20210729"
"8001353","chlorpheniramine","chlorphéniramine","Active","19671231"
"8001354","chlorpheniramine and dextromethorphan","chlorphéniramine et dextrométhorphane","Active","20040112"
"8001355","chlorpheniramine and ibuprofen and pseudoephedrine","chlorphéniramine et ibuprofène et pseudoéphédrine","Active","20040802"
"8001357","chlorpromazine","chlorpromazine","Active","19671231"
"8001358","cilastatin and imipenem","cilastatine et imipénem","Active","19871231"
"8001359","cimetidine","cimétidine","Active","19821231"
"8001360","clodronate","clodronate","Active","19921231"
"8001361","clorazepate","clorazépate","Active","19901231"
"8001362","cloxacillin","cloxacilline","Active","19751231"
"8001363","cobicistat and darunavir and emtricitabine and tenofovir alafenamide","cobicistat et darunavir et emtricitabine et ténofovir alafénamide","Active","20180425"
"8001364","codeine and guaifenesin and pseudoephedrine","codéine et guaïfénésine et pseudoéphédrine","Active","19951231"
"8001365","cyproheptadine","cyproheptadine","Active","19961016"
"8001366","desloratadine","desloratadine","Active","20020110"
"8001367","desloratadine and pseudoephedrine","desloratadine et pseudoéphédrine","Active","20100201"
"8001368","dextromethorphan","dextrométhorphane","Active","19791231"
"8001369","dextromethorphan and doxylamine","dextrométhorphane et doxylamine","Active","20100819"
"8001370","dextromethorphan and guaifenesin","dextrométhorphane et guaïfénésine","Active","19921231"
"8001371","dextromethorphan and guaifenesin and pseudoephedrine","dextrométhorphane et guaïfénésine et pseudoéphédrine","Active","19921231"
"8001372","dextromethorphan and phenylephrine","dextrométhorphane et phényléphrine","Inactive","20230306"
"8001373","dextromethorphan and pseudoephedrine","dextrométhorphane et pseudoéphédrine","Active","19921231"
"8001374","dicyclomine","dicyclomine","Active","19741231"
"8001375","dimenhydrinate","dimenhydrinate","Active","19511231"
"8001376","disopyramide","disopyramide","Active","20030912"
"8001377","dolutegravir and rilpivirine","dolutégravir et rilpivirine","Active","20180604"
"8001378","enalaprilat","énalaprilate","Active","19921231"
"8001379","enoxaparin","énoxaparine","Active","19931231"
"8001380","famotidine","famotidine","Active","19931231"
"8001381","flecainide","flécaïnide","Active","20060508"
"8001382","fluconazole and miconazole","fluconazole et miconazole","Active","20121025"
"8001383","fluticasone and umeclidinium and vilanterol","fluticasone et uméclidinium et vilantérol","Active","20180530"
"8001384","frovatriptan","frovatriptan","Active","20080104"
"8001385","glucagon","glucagon","Active","20020527"
"8001386","guaifenesin and pseudoephedrine","guaïfénésine et pseudoéphédrine","Inactive","20210630"
"8001387","ibuprofen and pseudoephedrine","ibuprofène et pseudoéphédrine","Active","19931231"
"8001388","imipramine","imipramine","Active","19751231"
"8001389","insulin degludec and liraglutide","insuline dégludec et liraglutide","Active","20180606"
"8001390","insulin glulisine","insuline glulisine","Active","20080922"
"8001391","insulin human","insuline humaine","Active","19831231"
"8001392","insulin human and insulin isophane human","insuline humaine et insuline isophane humaine","Active","19891231"
"8001393","insulin isophane pork","insuline isophane porcine","Active","20060401"
"8001394","insulin lispro and insulin lispro protamine","insuline lispro et insuline lispro protamine","Active","19990705"
"8001395","isoniazid","isoniazide","Active","19841231"
"8001396","ketotifen","kétotifène","Active","19901231"
"8001397","linagliptin","linagliptine","Active","20110913"
"8001398","mebendazole","mébendazole","Active","19821231"
"8001399","mefloquine","méfloquine","Active","20020723"
"8001400","metolazone","métolazone","Active","19741231"
"8001401","miconazole","miconazole","Active","19741231"
"8001402","midodrine","midodrine","Active","20060613"
"8001403","nalbuphine","nalbuphine","Active","19931231"
"8001404","naltrexone","naltrexone","Active","19971023"
"8001405","nedocromil","nédocromil","Inactive","20190401"
"8001406","nizatidine","nizatidine","Active","19881231"
"8001407","ofloxacin","ofloxacine","Active","19951231"
"8001408","olsalazine","olsalazine","Active","19951231"
"8001409","orphenadrine","orphénadrine","Active","19941231"
"8001410","pamidronate","pamidronate","Active","20010831"
"8001411","penicillin G","pénicilline G","Active","19970123"
"8001412","pentoxifylline","pentoxifylline","Active","19970114"
"8001413","piperacillin and tazobactam","pipéracilline et tazobactam","Active","20071105"
"8001414","pizotifen","pizotifène","Active","19801231"
"8001415","praziquantel","praziquantel","Active","19970424"
"8001416","procainamide","procaïnamide","Active","19951231"
"8001417","propafenone","propafénone","Active","19881231"
"8001418","quinagolide","quinagolide","Inactive","20210602"
"8001419","riluzole","riluzole","Active","20001026"
"8001420","terconazole","terconazole","Active","20040921"
"8001421","tetracycline","tétracycline","Active","19831231"
"8001422","tinzaparin","tinzaparine","Active","19951231"
"8001423","trimipramine","trimipramine","Active","19871231"
"8001424","vancomycin","vancomycine","Active","19891231"
"8001425","ziprasidone","ziprasidone","Active","20080104"
"8001426","zoledronic acid","acide zolédronique","Active","20041014"
"8001427","acamprosate","acamprosate","Active","20070730"
"8001428","acetazolamide","acétazolamide","Active","19821231"
"8001429","acetylcysteine","acétylcystéine","Active","20010427"
"8001430","acitretin","acitrétine","Active","19941231"
"8001431","alprostadil","alprostadil","Active","19821231"
"8001432","apraclonidine","apraclonidine","Active","19921231"
"8001433","aprepitant","aprépitant","Active","20070924"
"8001434","argatroban","argatroban","Active","20020613"
"8001435","asenapine","asénapine","Active","20111219"
"8001436","atovaquone","atovaquone","Active","19960910"
"8001437","atovaquone and proguanil","atovaquone et proguanil","Active","19980807"
"8001438","azelastine and fluticasone","azélastine et fluticasone","Active","20150331"
"8001439","bacitracin","bacitracine","Active","19511231"
"8001440","benralizumab","benralizumab","Active","20180328"
"8001441","bivalirudin","bivalirudine","Active","20030508"
"8001443","cefixime","céfixime","Active","19901231"
"8001444","ceftobiprole","ceftobiprole","Active","20180320"
"8001445","clomiphene","clomiphène","Inactive","20170707"
"8001446","cortisone","cortisone","Active","19731231"
"8001447","dacarbazine","dacarbazine","Active","20000404"
"8001448","dantrolene","dantrolène","Active","19931231"
"8001449","desipramine","désipramine","Active","19961231"
"8001450","dienogest","diénogest","Active","20111025"
"8001451","diflunisal","diflunisal","Inactive","20200724"
"8001452","difluprednate","difluprednate","Active","20140219"
"8001453","droperidol","dropéridol","Inactive","20190801"
"8001454","eliglustat","éliglustat","Active","20170726"
"8001455","empagliflozin","empagliflozin","Active","20150811"
"8001456","empagliflozin and linagliptin","empagliflozin et linagliptine","Inactive","20211209"
"8001457","enfuvirtide","enfuvirtide","Active","20030818"
"8001458","entacapone","entacapone","Active","20010621"
"8001459","ertugliflozin","ertugliflozine","Inactive","20210203"
"8001460","ertugliflozin and metformin","ertugliflozine et metformine","Inactive","20210203"
"8001461","ertugliflozin and sitagliptin","ertugliflozine et sitagliptine","Inactive","20210203"
"8001462","eslicarbazepine","eslicarbazépine","Active","20140807"
"8001463","ethosuximide","éthosuximide","Active","19601231"
"8001464","etodolac","étodolac","Inactive","20220203"
"8001465","exenatide","exénatide","Inactive","20220401"
"8001466","fexofenadine","fexofénadine","Active","19970710"
"8001467","fexofenadine and pseudoephedrine","fexofénadine et pseudoéphédrine","Active","19990429"
"8001468","flunarizine","flunarizine","Active","20020808"
"8001469","fluorescein","fluorescéine","Active","19801231"
"8001470","fluorometholone (base)","fluorométholone (base)","Active","19721231"
"8001471","fluorometholone acetate","acétate de fluorométholone","Inactive","20250320"
"8001472","flupentixol","flupentixol","Active","19951231"
"8001473","fluphenazine","fluphénazine","Active","19771231"
"8001474","flurbiprofen","flurbiprofène","Active","19911231"
"8001475","follitropin alfa","follitropine alfa","Active","20031229"
"8001477","follitropin delta","follitropine delta","Active","20180523"
"8001478","fosphenytoin","fosphénytoïne","Active","20000301"
"8001479","gatifloxacin","gatifloxacine","Active","20040927"
"8001480","glimepiride","glimépiride","Active","20020312"
"8001482","hyoscine butylbromide","butylbromure d'hyoscine","Active","19761231"
"8001483","hyprolose","hyprolose","Inactive","20240731"
"8001484","hypromellose","hypromellose","Active","19691231"
"8001485","inotuzumab ozogamicin","inotuzumab ozogamicine","Active","20180503"
"8001486","ivermectin","ivermectine","Active","20150525"
"8001487","levocabastine","lévocabastine","Inactive","20201222"
"8001488","lincomycin","lincomycine","Inactive","20160506"
"8001489","linezolid","linézolide","Active","20010406"
"8001490","lodoxamide","lodoxamide","Active","19921231"
"8001491","lopinavir and ritonavir","lopinavir et ritonavir","Active","20010309"
"8001492","loratadine","loratadine","Active","19881218"
"8001493","loratadine and pseudoephedrine","loratadine et pseudoéphédrine","Active","19911231"
"8001494","macitentan","macitentan","Active","20140115"
"8001495","mefenamic acid","acide méfénamique","Active","19661231"
"8001496","megestrol","mégestrol","Active","19951231"
"8001497","melphalan","melphalan","Active","19641231"
"8001499","mexiletine","mexilétine","Active","19970217"
"8001500","ofatumumab","ofatumumab","Active","20120813"
"8001501","pemetrexed","pémétrexed","Active","20040803"
"8001502","pentamidine","pentamidine","Active","19980910"
"8001503","periciazine","périciazine","Active","19691231"
"8001504","perphenazine","perphénazine","Active","19761231"
"8001505","phenelzine","phénelzine","Active","19811231"
"8001506","pilocarpine","pilocarpine","Active","19591231"
"8001507","pimozide","pimozide","Active","20030401"
"8001508","piroxicam","piroxicam","Active","19861231"
"8001509","polidocanol","polidocanol","Inactive","20200228"
"8001510","porfimer","porfimère","Inactive","20190718"
"8001511","posaconazole","posaconazole","Active","20070606"
"8001512","promethazine","prométhazine","Active","19821231"
"8001513","propiverine","propivérine","Active","20170413"
"8001514","propylthiouracil","propylthiouracile","Active","19451231"
"8001516","pyridostigmine","pyridostigmine","Active","19901231"
"8001517","ribavirin","ribavirine","Active","19961205"
"8001518","ribociclib","ribociclib","Active","20180427"
"8001519","ropinirole","ropinirole","Active","20090722"
"8001520","rotigotine","rotigotine","Active","20130627"
"8001521","rufinamide","rufinamide","Active","20110829"
"8001522","rupatadine","rupatadine","Active","20170116"
"8001523","sacubitril and valsartan","sacubitril et valsartan","Active","20151113"
"8001524","selegiline","sélégiline","Active","19941231"
"8001525","semaglutide","sémaglutide","Active","20180222"
"8001526","silver sulfadiazine","sulfadiazine d'argent","Active","19741231"
"8001528","sulfasalazine","sulfasalazine","Active","19841231"
"8001529","sulindac","sulindac","Active","19881231"
"8001530","teduglutide","téduglutide","Active","20151028"
"8001531","telbivudine","telbivudine","Inactive","20200421"
"8001532","tenoxicam","ténoxicam","Inactive","20220901"
"8001533","tetrabenazine","tétrabénazine","Active","19961209"
"8001534","thioguanine","thioguanine","Active","19741231"
"8001535","tiaprofenic acid","acide tiaprofénique","Active","19961231"
"8001536","ticlopidine","ticlopidine","Inactive","20220901"
"8001537","tipiracil and trifluridine","tipiracil et trifluridine","Active","20180322"
"8001538","tranylcypromine","tranylcypromine","Active","19921231"
"8001539","trifluridine","trifluridine","Inactive","20221213"
"8001540","trihexyphenidyl","trihexyphénidyle","Active","19821231"
"8001541","trimeprazine","triméprazine","Active","19591231"
"8001542","tropicamide","tropicamide","Active","19511231"
"8001543","vardenafil","vardénafil","Active","20040317"
"8001544","vigabatrin","vigabatrine","Active","19941231"
"8001545","voriconazole","voriconazole","Active","20041112"
"8001546","zanamivir","zanamivir","Active","19991207"
"8001547","zuclopenthixol","zuclopenthixol","Active","19970502"
"8001548","abatacept","abatacept","Active","20060808"
"8001549","abiraterone","abiratérone","Active","20110728"
"8001550","acetylcholine","acétylcholine","Active","19960814"
"8001551","afatinib","afatinib","Active","20140117"
"8001552","aflibercept","aflibercept","Active","20131223"
"8001553","agalsidase alfa","agalsidase alfa","Active","20040318"
"8001554","agalsidase beta","agalsidase bêta","Active","20040408"
"8001555","aldesleukin","aldesleukine","Active","19951231"
"8001556","alectinib","alectinib","Active","20161014"
"8001557","alemtuzumab","alemtuzumab","Active","20070907"
"8001558","alglucosidase alfa","alglucosidase alfa","Active","20061206"
"8001559","alitretinoin","alitrétinoïne","Active","20101119"
"8001561","alteplase","altéplase","Active","19961231"
"8001563","aminolevulinic acid","acide aminolévulinique","Active","20040603"
"8001565","anagrelide","anagrélide","Active","19980106"
"8001566","anakinra","anakinra","Active","20020529"
"8001567","anethole trithione","anéthole trithione","Active","20000802"
"8001568","apremilast","apremilast","Active","20141127"
"8001569","asfotase alfa","asfotase alfa","Active","20151020"
"8001570","atezolizumab","atézolizumab","Active","20170502"
"8001571","atropine","atropine","Active","19641231"
"8001572","atropine and diphenoxylate","atropine et diphénoxylate","Active","19601231"
"8001573","auranofin","auranofine","Active","19931231"
"8001574","axitinib","axitinib","Active","20120817"
"8001575","azacitidine","azacitidine","Active","20100104"
"8001576","basiliximab","basiliximab","Active","20001023"
"8001577","belimumab","bélimumab","Active","20110824"
"8001578","bendamustine","bendamustine","Active","20120912"
"8001580","benzethonium and benzocaine","benzéthonium et benzocaïne","Inactive","20200729"
"8001582","bepotastine","bépotastine","Active","20170323"
"8001583","beractant","béractant","Active","19931231"
"8001584","besifloxacin","bésifloxacine","Active","20100127"
"8001585","betaine","bétaïne","Active","19980811"
"8001586","betaxolol","bétaxolol","Active","19941231"
"8001587","bethanechol","béthanéchol","Active","19921231"
"8001588","bevacizumab","bévacizumab","Active","20051102"
"8001589","bicalutamide","bicalutamide","Active","19961231"
"8001590","bilastine","bilastine","Active","20161202"
"8001591","bleomycin","bléomycine","Active","19980312"
"8001592","blinatumomab","blinatumomab","Active","20160317"
"8001593","bortezomib","bortézomib","Active","20050201"
"8001594","bosutinib","bosutinib","Active","20140324"
"8001595","brentuximab vedotin","brentuximab védotine","Active","20130219"
"8001596","bretylium","brétylium","Inactive","20210421"
"8001597","brexpiprazole","brexpiprazole","Active","20170419"
"8001598","brivaracetam","brivaracétam","Active","20160502"
"8001599","bromfenac","bromfénac","Active","20150925"
"8001600","bupivacaine","bupivacaïne","Active","19941231"
"8001601","bupivacaine and epinephrine","bupivacaïne et épinéphrine","Active","19941231"
"8001602","buserelin","buséréline","Active","19980203"
"8001603","busulfan","busulfan","Active","19541231"
"8001604","cabazitaxel","cabazitaxel","Active","20110823"
"8001605","calcitonin salmon","calcitonine de saumon","Active","19831231"
"8001606","canakinumab","canakinumab","Active","20100427"
"8001607","capecitabine","capécitabine","Active","19980910"
"8001608","carbachol","carbachol","Active","19801231"
"8001609","carbetocin","carbétocine","Active","19990801"
"8001610","carboplatin","carboplatine","Active","19941231"
"8001611","carboprost","carboprost","Active","19971128"
"8001612","carfilzomib","carfilzomib","Active","20160211"
"8001613","ceritinib","céritinib","Active","20150429"
"8001614","cetuximab","cétuximab","Active","20081028"
"8001616","cinacalcet","cinacalcet","Active","20040916"
"8001617","clobetasone","clobétasone","Active","19990927"
"8001618","clofedanol","clofédanol","Active","19621231"
"8001619","cobimetinib","cobimétinib","Active","20160406"
"8001620","crizotinib","crizotinib","Active","20120510"
"8001621","crotamiton","crotamiton","Inactive","20230620"
"8001622","cyclopentolate","cyclopentolate","Active","19721231"
"8001623","dabrafenib","dabrafénib","Active","20130828"
"8001624","danazol","danazol","Active","19721231"
"8001625","darbepoetin alfa","darbépoétine alfa","Active","20130816"
"8001626","deferasirox","déférasirox","Active","20061110"
"8001627","deferiprone","défériprone","Active","20150428"
"8001628","denosumab","dénosumab","Active","20100812"
"8001629","deoxycholic acid","acide désoxycholique","Active","20160127"
"8001630","dequalinium","déqualinium","Active","19951231"
"8001631","diazoxide","diazoxide","Active","19851231"
"8001632","dihydroergotamine","dihydroergotamine","Active","19461231"
"8001633","dimethicone","diméthicone","Active","20020601"
"8001634","dinoprost","dinoprost","Inactive","20180930"
"8001635","dinoprostone","dinoprostone","Active","19771231"
"8001636","dobutamine","dobutamine","Active","19961024"
"8001637","dornase alfa","dornase alfa","Active","19941231"
"8001638","dronedarone","dronédarone","Active","20090928"
"8001639","dulaglutide","dulaglutide","Active","20151124"
"8001640","dyclonine","dyclonine","Inactive","20190703"
"8001641","eculizumab","éculizumab","Active","20090525"
"8001642","eflornithine","éflornithine","Active","20051101"
"8001643","ensulizole","ensulizole","Deprec","20181103"
"8001644","enzalutamide","enzalutamide","Active","20130607"
"8001645","eribulin","éribuline","Active","20120319"
"8001646","erlotinib","erlotinib","Active","20050719"
"8001647","estrone","estrone","Active","19871231"
"8001649","ethopropazine","éthopropazine","Active","19521231"
"8001650","everolimus","évérolimus","Active","20100119"
"8001651","fampridine","fampridine","Active","20120224"
"8001652","febuxostat","fébuxostat","Active","20100930"
"8001653","floctafenine","floctafénine","Inactive","20200724"
"8001654","flutamide","flutamide","Active","19981008"
"8001655","fondaparinux","fondaparinux","Active","20020719"
"8001656","fosaprepitant","fosaprépitant","Active","20110404"
"8001657","fosfomycin","fosfomycine","Active","19990915"
"8001658","gemfibrozil","gemfibrozil","Active","19951231"
"8001660","halobetasol","halobétasol","Active","19931231"
"8001661","hydroquinone","hydroquinone","Active","20030113"
"8001662","hydroxyurea","hydroxyurée","Active","19791231"
"8001663","ivacaftor","ivacaftor","Active","20121127"
"8001664","ivacaftor and lumacaftor","ivacaftor et lumacaftor","Active","20160127"
"8001665","liothyronine","liothyronine","Active","19931231"
"8001666","loxapine","loxapine","Active","19970613"
"8001667","methylprednisolone (base)","méthylprednisolone (base)","Active","19601231"
"8001668","moclobemide","moclobémide","Active","19921231"
"8001669","nabumetone","nabumétone","Active","19980821"
"8001670","nafarelin","nafaréline","Active","19961125"
"8001672","nelarabine","nélarabine","Active","20080117"
"8001673","nilutamide","nilutamide","Inactive","20240803"
"8001674","nimodipine","nimodipine","Active","20090724"
"8001675","nitisinone","nitisinone","Active","20161020"
"8001676","nivolumab","nivolumab","Active","20151023"
"8001677","orlistat","orlistat","Active","19990603"
"8001678","penicillamine","pénicillamine","Active","19641231"
"8001679","podophyllin","podophylline","Inactive","20210728"
"8001680","podophyllotoxin","podophyllotoxine","Inactive","20210825"
"8001681","prasugrel","prasugrel","Active","20100517"
"8001682","raloxifene","raloxifène","Active","19981120"
"8001683","rasagiline","rasagiline","Active","20060914"
"8001684","sodium salicylate","salicylate de sodium","Inactive","20200728"
"8001685","sulfinpyrazone","sulfinpyrazone","Inactive","20200724"
"8001686","temsirolimus","temsirolimus","Active","20080111"
"8001687","teriflunomide","tériflunomide","Active","20131115"
"8001688","teriparatide","tériparatide","Active","20040715"
"8001690","abciximab","abciximab","Inactive","20180614"
"8001691","allantoin and chloroxylenol","allantoïne et chloroxylénol","Inactive","20200722"
"8001692","ammonium chloride and codeine and diphenhydramine","chlorure d'ammonium et codéine et diphenhydramine","Active","19811231"
"8001693","ammonium chloride and dextromethorphan and diphenhydramine","chlorure d'ammonium et dextrométhorphane et diphenhydramine","Inactive","20180330"
"8001695","antipyrine and benzocaine","antipyrine et benzocaïne","Inactive","20211101"
"8001702","benzalkonium and pramoxine","benzalkonium et pramoxine","Inactive","20210201"
"8001703","bismuth dipropylacetate","dipropylacétate de bismuth","Active","19501231"
"8001704","bismuth subgallate","subgallate de bismuth","Inactive","20220427"
"8001705","bismuth subsalicylate","subsalicylate de bismuth","Active","19871231"
"8001706","bismuth subsalicylate and calcium carbonate","subsalicylate de bismuth et carbonate de calcium","Active","20000218"
"8001707","calamine and diphenhydramine","calamine et diphenhydramine","Active","19811231"
"8001708","calamine and pramoxine","calamine et pramoxine","Active","20000501"
"8001709","calcium carbonate and etidronate","carbonate de calcium et étidronate","Inactive","20210305"
"8001710","calcium chloride","chlorure de calcium","Active","19811231"
"8001712","calcium polystyrene sulfonate","sulfonate de polystyrène calcique","Active","19791231"
"8001715","cantharidin and podophyllin and salicylic acid","cantharidine et podophylline et acide salicylique","Active","19841231"
"8001716","carglumic acid","acide carglumique","Active","20150908"
"8001717","carmustine","carmustine","Active","19751231"
"8001718","certolizumab pegol","certolizumab pégol","Active","20090831"
"8001719","cetrorelix","cétrorélix","Active","20040303"
"8001720","chlorhexidine and lidocaine","chlorhexidine et lidocaïne","Active","20071206"
"8001721","chloroxylenol and menthol","chloroxylénol et menthol","Active","19921231"
"8001723","chorionic gonadotropin","gonadotropine chorionique","Active","19970813"
"8001725","chromic chloride","chlorure de chrome","Active","19931231"
"8001728","ciprofloxacin and fluocinolone","ciprofloxacine et fluocinolone","Active","20170508"
"8001729","cisplatin","cisplatine","Active","19970509"
"8001730","cladribine","cladribine","Active","20090630"
"8001732","clofarabine","clofarabine","Active","20100210"
"8001735","corbadrine and mepivacaine","corbadrine et mépivacaïne","Inactive","20231109"
"8001736","cyclophosphamide","cyclophosphamide","Active","20000822"
"8001737","cytarabine","cytarabine","Active","19960923"
"8001738","dactinomycin","dactinomycine","Active","19631231"
"8001739","daratumumab","daratumumab","Active","20160712"
"8001740","dasatinib","dasatinib","Active","20070413"
"8001741","daunorubicin","daunorubicine","Active","19711231"
"8001742","deferoxamine","déféroxamine","Active","19921231"
"8001743","degarelix","dégarélix","Active","20091124"
"8001745","dexrazoxane","dexrazoxane","Active","19951231"
"8001746","dextromethorphan and guaifenesin and menthol","dextrométhorphane et guaïfénésine et menthol","Active","20050330"
"8001747","dextromethorphan and guaifenesin and menthol and pseudoephedrine","dextrométhorphane et guaïfénésine et menthol et pseudoéphédrine","Active","20050930"
"8001748","dimethicone and menthol","diméthicone et menthol","Inactive","20170605"
"8001749","dimethicone and menthol and pramoxine","diméthicone et menthol et pramoxine","Active","20090305"
"8001750","dimethicone and petrolatum","diméthicone et pétrolatum","Inactive","20170126"
"8001751","dimethicone and white petrolatum","diméthicone et pétrolatum blanc","Inactive","20220228"
"8001752","dimethicone and zinc oxide","diméthicone et oxyde de zinc","Active","20090520"
"8001753","diphenhydramine and menthol","diphenhydramine et menthol","Active","19970623"
"8001754","diphenhydramine and zinc acetate","diphenhydramine et acétate de zinc","Active","20070309"
"8001755","docetaxel","docétaxel","Active","19951231"
"8001758","dyclonine and menthol","dyclonine et menthol","Inactive","20170223"
"8001759","edoxaban","édoxaban","Active","20170425"
"8001760","elosulfase alfa","élosulfase alfa","Active","20140827"
"8001761","eluxadoline","éluxadoline","Active","20170424"
"8001762","epinephrine and lidocaine","épinéphrine et lidocaïne","Active","19541231"
"8001763","epinephrine and prilocaine","épinéphrine et prilocaïne","Active","19771231"
"8001764","epirubicin","épirubicine","Active","20080407"
"8001765","epoetin alfa","époétine alfa","Active","19970919"
"8001766","epoprostenol","époprosténol","Active","19970728"
"8001767","eptifibatide","eptifibatide","Active","19990623"
"8001768","ergoloid mesylates","mésylates d'ergoloïdes","Inactive","20200724"
"8001769","ergonovine","ergonovine","Active","20160219"
"8001770","estramustine","estramustine","Inactive","20200430"
"8001771","ethinyl estradiol and ethynodiol","éthinylestradiol et éthynodiol","Inactive","20190704"
"8001772","etoposide","étoposide","Active","19841231"
"8001773","fidaxomicin","fidaxomicine","Active","20120621"
"8001774","filgrastim (conventional)","filgrastim (classique)","Active","19921231"
"8001775","fingolimod","fingolimod","Active","20110328"
"8001776","fludarabine","fludarabine","Active","20020924"
"8001777","flumazenil","flumazénil","Active","20040421"
"8001778","fluocinolone","fluocinolone","Active","19911231"
"8001779","fluorouracil","fluorouracile","Active","19751231"
"8001780","fluorouracil and salicylic acid","fluorouracile et acide salicylique","Active","20160219"
"8001782","follitropin alfa and lutropin alfa","follitropine alfa et lutropine alfa","Active","20151022"
"8001783","fulvestrant","fulvestrant","Active","20040614"
"8001784","galsulfase","galsulfase","Active","20140101"
"8001785","ganirelix","ganirélix","Active","20020823"
"8001786","gefitinib","géfitinib","Active","20031217"
"8001787","gemcitabine","gemcitabine","Active","20090716"
"8001788","glatiramer","glatiramère","Active","20020501"
"8001790","golimumab","golimumab","Active","20090622"
"8001792","goserelin","goséréline","Active","19941231"
"8001795","hexylresorcinol","hexylrésorcinol","Active","19911231"
"8001797","hydrocortisone and pramoxine","hydrocortisone et pramoxine","Active","19791231"
"8001798","hydrocortisone and pramoxine and zinc sulfate","hydrocortisone et pramoxine et sulfate de zinc","Active","19781231"
"8001799","hydroxocobalamin","hydroxocobalamine","Active","20121019"
"8001800","ibrutinib","ibrutinib","Active","20141119"
"8001801","icatibant","icatibant","Active","20140714"
"8001802","idarubicin","idarubicine","Active","20141104"
"8001803","idarucizumab","idarucizumab","Active","20160524"
"8001804","idelalisib","idélalisib","Active","20150421"
"8001805","idursulfase","idursulfase","Active","20070801"
"8001806","ifosfamide","ifosfamide","Active","20010125"
"8001807","imatinib","imatinib","Active","20041025"
"8001808","imiglucerase","imiglucérase","Active","20000614"
"8001809","imiquimod","imiquimod","Active","19990705"
"8001810","ingenol mebutate","mébutate d'ingénol","Inactive","20201014"
"8001811","insulin glargine and lixisenatide","insuline glargine et lixisénatide","Active","20180912"
"8001812","interferon alfa-2b","interféron alfa-2b","Inactive","20211110"
"8001814","interferon beta-1a (conventional)","interféron bêta-1a (classique)","Active","19980223"
"8001815","interferon beta-1b","interféron bêta-1b","Active","19951231"
"8001816","ipilimumab","ipilimumab","Active","20120308"
"8001820","isoproterenol","isoprotérénol","Active","19911231"
"8001821","ivabradine","ivabradine","Active","20170317"
"8001822","ixazomib","ixazomib","Active","20160921"
"8001823","ixekizumab","ixékizumab","Active","20160811"
"8001824","ketoprofen","kétoprofène","Active","19891231"
"8001825","lacosamide","lacosamide","Active","20101021"
"8001826","lanreotide","lanréotide","Active","20070222"
"8001827","lanthanum","lanthane","Active","20061206"
"8001828","lapatinib","lapatinib","Active","20090605"
"8001829","laronidase","laronidase","Active","20040812"
"8001830","leflunomide","léflunomide","Active","20000329"
"8001831","lenalidomide","lénalidomide","Active","20080219"
"8001832","lenvatinib","lenvatinib","Active","20160331"
"8001833","leucovorin","leucovorine","Active","19941231"
"8001834","leuprolide","leuprolide","Active","19851231"
"8001835","levobunolol","lévobunolol","Inactive","20200221"
"8001836","levomilnacipran","lévomilnacipran","Active","20151119"
"8001837","lidocaine","lidocaïne","Active","19511231"
"8001838","lidocaine and menthol","lidocaïne et menthol","Active","20090505"
"8001839","lidocaine and methylprednisolone acetate","lidocaïne et acétate de méthylprednisolone","Active","19731231"
"8001841","lidocaine and prilocaine","lidocaïne et prilocaïne","Active","19911231"
"8001842","lomustine","lomustine","Active","19761231"
"8001843","lutropin alfa","lutropine alfa","Active","20050628"
"8001845","magnesium sulfate","sulfate de magnésium","Active","19781231"
"8001846","manganese sulfate","sulfate de manganèse","Active","19921231"
"8001847","menotropins","ménotropines","Active","20030828"
"8001848","menthol and pramoxine","menthol et pramoxine","Active","19990111"
"8001849","mepivacaine","mépivacaïne","Active","19771231"
"8001850","mercaptopurine","mercaptopurine","Active","19541231"
"8001851","mesna","mesna","Active","20010306"
"8001852","methacholine","méthacholine","Active","19990401"
"8001853","methazolamide","méthazolamide","Active","20020725"
"8001854","methocarbamol","méthocarbamol","Active","19581231"
"8001855","methoxsalen","méthoxsalène","Active","20131209"
"8001857","methylnaltrexone","méthylnaltrexone","Active","20080507"
"8001858","miglustat","miglustat","Active","20040526"
"8001859","milrinone","milrinone","Active","20030625"
"8001860","mitomycin","mitomycine","Active","19971022"
"8001861","mitotane","mitotane","Active","19791231"
"8001862","mitoxantrone","mitoxantrone","Active","20011203"
"8001863","modafinil","modafinil","Active","19990324"
"8001864","naphazoline","naphazoline","Active","19701231"
"8001866","petrolatum","pétrolatum","Active","20100604"
"8001867","petrolatum and zinc oxide","pétrolatum et oxyde de zinc","Inactive","20180531"
"8001869","potassium acetate","acétate de potassium","Active","20160718"
"8001871","potassium citrate","citrate de potassium","Active","19950101"
"8001872","pramoxine and zinc acetate","pramoxine et acétate de zinc","Active","20030402"
"8001873","pramoxine and zinc sulfate","pramoxine et sulfate de zinc","Active","19921231"
"8001874","prednicarbate","prednicarbate","Active","20010321"
"8001875","prilocaine","prilocaïne","Active","20151223"
"8001877","sevelamer","sévélamer","Active","20011121"
"8001880","white petrolatum","pétrolatum blanc","Active","19511231"
"8001881","white petrolatum and zinc oxide","pétrolatum blanc et oxyde de zinc","Active","19991106"
"8001882","zinc sulfate","sulfate de zinc","Active","19921231"
"8001883","acetaminophen and pheniramine and phenylephrine","acétaminophène et phéniramine et phényléphrine","Active","19960904"
"8001885","adenosine","adénosine","Active","19941231"
"8001886","antazoline and naphazoline","anidulafungine et naphazoline","Active","20090209"
"8001887","arsenic trioxide","trioxyde d'arsénic","Active","20130909"
"8001888","articaine and epinephrine","articaïne et épinéphrine","Active","19931231"
"8001889","bazedoxifene and conjugated estrogens","bazedoxifène et oestrogènes conjugués","Active","20161220"
"8001890","benoxinate and fluorescein","bénoxinate et fluorescéine","Inactive","20190801"
"8001891","benzocaine and tetracaine","benzocaïne et tétracaïne","Active","19921231"
"8001892","betamethasone valerate and fusidic acid","valérate de bétaméthasone et acide fusidique","Active","20181003"
"8001894","capsaicin and menthol and trolamine salicylate","capsaïcine et menthol et salicylate de trolamine","Active","20080915"
"8001895","cetylpyridinium","cétylpyridinium","Active","19841231"
"8001896","chloroxylenol and triclosan","chloroxylénol et triclosan","Inactive","20200729"
"8001899","clioquinol and flumethasone","clioquinol et fluméthasone","Active","19681231"
"8001900","codeine and guaifenesin and pheniramine","codéine et guaïfénésine et phéniramine","Active","19931231"
"8001904","dimethyl fumarate","fumarate de diméthyle","Active","20130412"
"8001905","doxylamine and pyridoxine","doxylamine et pyridoxine","Active","19831231"
"8001906","eltrombopag","eltrombopag","Active","20110401"
"8001907","fomepizole","fomépizole","Active","20010330"
"8001908","gonadorelin","gonadoréline","Inactive","20241224"
"8001909","gramicidin and neomycin and nystatin and triamcinolone acetonide","gramicidine et néomycine et nystatine et acétonide de triamcinolone","Active","19831231"
"8001911","lidocaine and tetracaine","lidocaïne et tétracaïne","Active","20150928"
"8001912","naphazoline and pheniramine","naphazoline et phéniramine","Active","19801231"
"8001913","nitroprusside","nitroprussiate","Active","20110517"
"8001914","pheniramine and phenylephrine","phéniramine et phényléphrine","Inactive","20231030"
"8001915","phenylbutyric acid","acide phénylbutyrique","Active","20150127"
"8001916","pyridoxine","pyridoxine","Active","20020601"
"8001917","ramucirumab","ramucirumab","Active","20150910"
"8001918","rasburicase","rasburicase","Active","20040921"
"8001919","regorafenib","régorafénib","Active","20130402"
"8001920","remifentanil","rémifentanil","Active","20110927"
"8001921","rifaximin","rifaximine","Active","20131107"
"8001922","riociguat","riociguat","Active","20130925"
"8001923","rituximab","rituximab","Active","20000320"
"8001924","rocuronium","rocuronium","Active","19951231"
"8001925","romidepsin","romidepsine","Active","20140205"
"8001926","romiplostim","romiplostim","Active","20090415"
"8001927","ropivacaine","ropivacaïne","Active","19970430"
"8001928","ruxolitinib","ruxolitinib","Active","20120719"
"8001929","sapropterin","saproptérine","Active","20100705"
"8001930","sarilumab","sarilumab","Active","20170208"
"8001931","sebelipase alfa","sébélipase alfa","Active","20180405"
"8001932","secukinumab","sécukinumab","Active","20150410"
"8001933","selenium","sélénium","Active","19931231"
"8001934","selexipag","sélexipag","Active","20160421"
"8001935","siltuximab","siltuximab","Active","20150303"
"8001936","sincalide","sincalide","Active","19980708"
"8001937","sinecatechins","sinécatéchines","Active","20140704"
"8001938","sirolimus","sirolimus","Active","20010515"
"8001939","sodium fluoride and triclosan","fluorure de sodium et triclosan","Inactive","20190801"
"8001941","sodium polystyrene sulfonate","polystyrène sulfonate de sodium","Active","19611231"
"8001942","sodium tetradecyl sulfate","tétradécyl sulfate de sodium","Active","19871231"
"8001943","somatropin","somatropine","Active","19871231"
"8001945","sorafenib","sorafénib","Active","20060731"
"8001946","succinylcholine","succinylcholine","Active","19521231"
"8001947","sufentanil","sufentanil","Active","20010801"
"8001948","sugammadex","sugammadex","Active","20160219"
"8001950","sunitinib","sunitinib","Active","20060622"
"8001951","taliglucerase alfa","taliglucérase alfa","Inactive","20250505"
"8001952","tazarotene","tazarotène","Active","19970410"
"8001953","temozolomide","témozolomide","Active","19991112"
"8001954","tenecteplase","ténectéplase","Active","20011018"
"8001955","tesamorelin","tésamoréline","Inactive","20220930"
"8001956","tetracaine","tétracaïne","Active","19951231"
"8001957","tetracosactide","tétracosactide","Active","19731231"
"8001958","tetrahydrozoline","tétrahydrozoline","Active","19601231"
"8001959","tetrahydrozoline and zinc sulfate","tétrahydrozoline et sulfate de zinc","Active","19961231"
"8001960","thalidomide","thalidomide","Active","20101101"
"8001961","thiamine","thiamine","Active","19891231"
"8001962","thyroid","thyroïde","Active","19511231"
"8001963","thyrotropin alfa","thyrotropine alfa","Active","20020812"
"8001964","tirofiban","tirofiban","Active","20020501"
"8001965","tizanidine","tizanidine","Active","20041117"
"8001966","tocilizumab","tocilizumab","Active","20100526"
"8001967","tofacitinib","tofacitinib","Active","20140603"
"8001968","tolnaftate","tolnaftate","Active","19651231"
"8001969","topotecan","topotécan","Active","19970618"
"8001970","trabectedin","trabectédine","Active","20100805"
"8001971","trametinib","tramétinib","Active","20130828"
"8001972","tranexamic acid","acide tranexamique","Active","19951231"
"8001973","trastuzumab","trastuzumab","Active","19990823"
"8001974","trastuzumab emtansine","trastuzumab emtansine","Active","20131009"
"8001975","treprostinil","tréprostinil","Active","20040430"
"8001977","trifluoperazine","trifluopérazine","Inactive","20241026"
"8001978","trimebutine","trimébutine","Active","19911231"
"8001979","triptorelin","triptoréline","Active","20051215"
"8001980","trolamine salicylate","salicylate de trolamine","Active","19841231"
"8001981","trypan blue","bleu trypan","Active","20060906"
"8001982","ulipristal","ulipristal","Active","20130704"
"8001983","ustekinumab","ustékinumab","Active","20090105"
"8001984","vasopressin","vasopressine","Active","19960814"
"8001985","vedolizumab","védolizumab","Active","20150421"
"8001986","velaglucerase alfa","vélaglucérase alfa","Active","20101122"
"8001987","vemurafenib","vémurafénib","Active","20120305"
"8001988","venetoclax","vénétoclax","Active","20161031"
"8001989","verteporfin","vertéporfine","Active","20000626"
"8001990","vinblastine","vinblastine","Active","19980414"
"8001991","vincristine","vincristine","Active","19951231"
"8001992","vinorelbine","vinorelbine","Active","20041222"
"8001993","vismodegib","vismodégib","Active","20130809"
"8002001","vorinostat","vorinostat","Active","20090629"
"8002002","vortioxetine","vortioxétine","Active","20141028"
"8002003","xylometazoline","xylométazoline","Active","19611231"
"8002004","yohimbine","yohimbine","Inactive","20201101"
"8002005","acetaminophen and caffeine and pyrilamine","acétaminophène et caféine et pyrilamine","Active","20060622"
"8002006","acetaminophen and pamabrom and pyrilamine","acétaminophène et pamabrom et pyrilamine","Active","19990622"
"8002007","aloe and benzoin and myroxylon balsamum and storax","aloès et benzoïne et myroxylon balsamum et styrax","Inactive","20210729"
"8002010","apalutamide","apalutamide","Active","20180727"
"8002011","baricitinib","baricitinib","Active","20180927"
"8002012","benzocaine and butamben and tetracaine","benzocaïne et butambène et tétracaïne","Active","19960919"
"8002013","bictegravir and emtricitabine and tenofovir alafenamide","bictégravir et emtricitabine et ténofovir alafénamide","Active","20180808"
"8002014","brigatinib","brigatinib","Active","20180831"
"8002015","brodalumab","brodalumab","Active","20180705"
"8002016","cabozantinib","cabozantinib","Active","20181010"
"8002018","catridecacog","catridecacog","Active","20130130"
"8002019","cidofovir","cidofovir","Active","20180711"
"8002021","elagolix","élagolix","Active","20181030"
"8002027","ivacaftor and tezacaftor","ivacaftor et tézacaftor","Active","20180628"
"8002028","ketamine","kétamine","Active","19721231"
"8002029","lanadelumab","lanadélumab","Active","20181031"
"8002031","menthol and pyrithione zinc","menthol et pyrithione zincique","Active","19901231"
"8002032","natalizumab","natalizumab","Active","20061121"
"8002033","neostigmine","néostigmine","Active","19990528"
"8002034","nilotinib","nilotinib","Active","20080930"
"8002035","nintedanib","nintédanib","Active","20150629"
"8002036","norepinephrine","norépinéphrine","Active","19911231"
"8002037","obeticholic acid","acide obéticholique","Active","20170526"
"8002038","obinutuzumab","obinutuzumab","Active","20141128"
"8002039","ocriplasmin","ocriplasmine","Inactive","20200320"
"8002040","octreotide","octréotide","Active","19891231"
"8002041","olaparib","olaparib","Active","20160516"
"8002042","osimertinib","osimertinib","Active","20160719"
"8002043","oxaliplatin","oxaliplatine","Active","20070717"
"8002044","oxcarbazepine","oxcarbazépine","Active","20020401"
"8002046","oxytocin","oxytocine","Active","19811231"
"8002048","palbociclib","palbociclib","Active","20160419"
"8002049","palivizumab","palivizumab","Active","20161103"
"8002050","pamabrom","pamabrom","Active","20010312"
"8002051","panitumumab","panitumumab","Active","20080527"
"8002052","papaverine","papavérine","Active","19511231"
"8002053","paromomycin","paromomycine","Active","19941231"
"8002054","pasireotide","pasiréotide","Active","20131126"
"8002055","pazopanib","pazopanib","Active","20100813"
"8002056","pegaspargase","pégaspargase","Active","20170601"
"8002057","filgrastim (pegfilgrastim)","filgrastim (pegfilgastrim)","Active","20040312"
"8002060","pegvisomant","pegvisomant","Active","20060124"
"8002061","pembrolizumab","pembrolizumab","Active","20150601"
"8002062","pentosan polysulfate sodium","pentosane de polysulfate sodique","Active","19931231"
"8002063","perampanel","pérampanel","Active","20130517"
"8002064","pertuzumab","pertuzumab","Active","20130508"
"8002065","pertuzumab and trastuzumab","pertuzumab et trastuzumab","Active","20130509"
"8002066","phentolamine","phentolamine","Active","20010615"
"8002067","pimecrolimus","pimécrolimus","Active","20030324"
"8002069","piperonyl butoxide and pyrethrins","butoxyde de pipéronyle et pyréthrines","Active","19951231"
"8002070","pirfenidone","pirfénidone","Active","20130108"
"8002071","plerixafor","plérixafor","Active","20120326"
"8002072","polyethylene glycol 3350","polyéthylèneglycol 3350","Active","20081210"
"8002073","polyvinyl alcohol","alcool polyvinylique","Active","19951231"
"8002074","polyvinyl alcohol and povidone","alcool polyvinylique et povidone","Active","20040324"
"8002075","polyvinyl alcohol and povidone and tetrahydrozoline","alcool polyvinylique et povidone et tétrahydrozoline","Active","20080326"
"8002076","pomalidomide","pomalidomide","Active","20140224"
"8002077","ponatinib","ponatinib","Active","20150821"
"8002078","poractant alfa","poractant alfa","Active","20161219"
"8002079","primaquine","primaquine","Active","19451231"
"8002080","procarbazine","procarbazine","Active","19701231"
"8002081","propofol","propofol","Active","19931231"
"8002082","protamine","protamine","Active","19891231"
"8002083","prucalopride","prucalopride","Active","20120112"
"8002084","pyrantel","pyrantel","Active","19731231"
"8002085","pyrithione zinc","pyrithione zincique","Active","19811231"
"8002087","stiripentol","stiripentol","Active","20130501"
"8002089","aluminum chlorohydrate and methylprednisolone acetate and neomycin and sulfur","chlorhydrate d'aluminium et acétate de méthylprednisolone et néomycine et soufre","Inactive","20220223"
"8002090","aluminum hydroxide and dimethicone and magnesium hydroxide","hydroxyde d'aluminium et diméthicone et hydroxyde de magnésium","Active","19891231"
"8002091","aluminum hydroxide and magnesium hydroxide and simethicone","hydroxyde d'aluminium et hydroxyde de magnésium et siméticone","Active","19631231"
"8002093","amylmetacresol and dichlorobenzyl alcohol","amylmétacrésol et alcool dichlorobenzylique","Active","20120719"
"8002094","amylmetacresol and dichlorobenzyl alcohol and menthol","amylmétacrésol et alcool dichlorobenzylique et menthol","Active","20120719"
"8002096","calcium carbonate and famotidine and magnesium hydroxide","carbonate de calcium et famotidine et hydroxyde de magnésium","Active","20010514"
"8002097","calcium carbonate and magnesium hydroxide and simethicone","carbonate de calcium et hydroxyde de magnésium et siméticone","Active","19951231"
"8002100","camphor and glycol salicylate and levomenthol","camphre et salicylate de glycol et lévomenthol","Inactive","20230630"
"8002103","cetrimide and lidocaine","cétrimide et lidocaïne","Active","19811231"
"8002104","chlorobutanol and dichlorobenzene and oil of turpentine and peanut oil","chlorobutanol et dichlorobenzène et essence de térébenthine et huile d'arachide","Inactive","20230609"
"8002105","chloroxylenol and coal tar and menthol","chloroxylénol et goudron de houille et menthol","Inactive","20240108"
"8002106","cisatracurium","cisatracurium","Active","20140120"
"8002108","citric acid and magnesium oxide and sodium picosulfate","acide citrique et oxyde de magnésium et picosulfate de sodium","Active","20041125"
"8002109","coal tar","goudron de houille","Active","19751231"
"8002110","coal tar and salicylic acid","goudron de houille et acide salicylique","Active","19801231"
"8002111","coal tar and salicylic acid and triclosan","goudron de houille et acide salicylique et triclosan","Active","19731231"
"8002112","codeine and guaifenesin and pseudoephedrine and triprolidine","codéine et guaïfénésine et pseudoéphédrine et triprolidine","Active","19941231"
"8002113","codeine and pseudoephedrine and triprolidine","codéine et pseudoéphédrine et triprolidine","Active","19960730"
"8002114","collagenase clostridium histolyticum","collagénase de clostridium histolyticum","Inactive","20240222"
"8002115","dextran 70 and glycerin and hypromellose","dextran 70 et glycérine et hypromellose","Active","20030102"
"8002116","dextran 70 and hypromellose","dextran 70 et hypromellose","Active","19891231"
"8002117","dextran 70 and polyethylene glycol 400 and povidone and tetrahydrozoline","dextran 70 et polyethylene glycol 400 et povidone et tétrahydrozoline","Active","20050308"
"8002118","dimethyl sulfoxide","diméthylsulfoxyde","Active","19801231"
"8002119","eptacog alfa (activated)","eptacog alfa (activé)","Active","20150505"
"8002121","gentian violet","violet de gentiane","Inactive","20190510"
"8002122","glycerin and hypromellose","glycérine et hypromellose","Active","20110419"
"8002123","glycerin and naphazoline","glycérine et naphazoline","Active","20110427"
"8002124","glycerin and naphazoline and zinc sulfate","glycérine et naphazoline et sulfate de zinc","Active","20040324"
"8002126","glycerin and potassium chloride and sodium lactate and sodium phosphate dibasic and sodium phosphate monobasic","glycérine et chlorure de potassium et lactate de sodium et phosphate de sodium dibasique et phosphate de sodium monobasique","Active","19911231"
"8002127","glycerin and propylene glycol","glycérine et propylène glycol","Active","20041201"
"8002129","hexylresorcinol and levomenthol","hexylrésorcinol et lévomenthol","Active","20070323"
"8002131","isopropyl myristate","myristate d'isopropyle","Active","20060901"
"8002134","levocarnitine","lévocarnitine","Active","19951231"
"8002135","loperamide and simethicone","lopéramide et siméticone","Active","20020620"
"8002138","mannitol","mannitol","Active","19631231"
"8002139","mannitol and sorbitol","mannitol et sorbitol","Active","19801231"
"8002140","methylene blue","bleu de méthylène","Active","19511231"
"8002141","methylene blue and naphazoline","bleu de méthylène et naphazoline","Active","19861231"
"8002146","mineral oil light","huile minérale légère","Active","19511231"
"8002147","moroctocog alfa","moroctocog alfa","Active","20090123"
"8002148","naloxegol","naloxégol","Active","20150827"
"8002149","nonacog gamma","nonacog gamma","Active","20170418"
"8002150","oxymetazoline","oxymétazoline","Active","19861231"
"8002151","pancrelipase","pancrelipase","Active","19731231"
"8002153","polyethylene glycol 400 and propylene glycol","polyethylene glycol 400 et propylène glycol","Inactive","20250428"
"8002155","potassium phosphate monobasic","phosphate de potassium monobasique","Active","19871231"
"8002156","prednisolone and sulfacetamide","prednisolone et sulfacétamide","Inactive","20220121"
"8002157","silicone","silicone","Active","19970401"
"8002158","simethicone","siméticone","Active","19631231"
"8002162","sodium phosphate dibasic and sodium phosphate monobasic","phosphate de sodium dibasique et phosphate de sodium monobasique","Active","19911231"
"8002163","sodium thiosulfate","thiosulfate de sodium","Active","19980713"
"8002164","tryptophan","tryptophane","Active","19861231"
"8002165","turoctocog alfa","turoctocog alfa","Active","20180323"
"8002166","acetaminophen and ascorbic acid and pheniramine and phenylephrine","acétaminophène et acide ascorbique et phéniramine et phényléphrine","Active","19990106"
"8002168","alpha tocopherol and retinol","alpha-tocophérol et rétinol","Inactive","20190723"
"8002169","anti-inhibitor coagulant complex","complexe coagulant anti-inhibiteur","Active","19971027"
"8002175","ascorbic acid","acide ascorbique","Active","19891231"
"8002176","ascorbic acid and dextromethorphan and pheniramine and phenylephrine","acide ascorbique et dextrométhorphane et phéniramine et phényléphrine","Inactive","20200730"
"8002178","camphor and diphenylpyraline and guaiacol","camphre et diphénylpyraline et guaïacol","Active","19511231"
"8002179","camphor and eucalyptol and guaiacol","camphre et eucalyptol et guaïacol","Active","19771231"
"8002180","cannabidiol and tetrahydrocannabinol","cannabidiol et tétrahydrocannabinol","Active","20050622"
"8002186","crisaborole","crisaborole","Active","20180829"
"8002187","cyanocobalamin","cyanocobalamine","Active","19781231"
"8002188","doravirine","doravirine","Active","20181114"
"8002189","doravirine and lamivudine and tenofovir disoproxil","doravirine et lamivudine et ténofovir disoproxil","Active","20181210"
"8002190","drospirenone and ethinyl estradiol and levomefolic acid","drospirénone et éthinylestradiol et acide lévoméfolique","Active","20130301"
"8002191","erenumab","érénumab","Active","20181204"
"8002192","ergocalciferol","ergocalciférol","Inactive","20250728"
"8002196","flibanserin","flibansérine","Active","20181113"
"8002197","hemin","hémine","Active","20181205"
"8002198","irinotecan (conventional)","irinotécan (classique)","Active","20060201"
"8002199","irinotecan (liposomal)","irinotécan (liposomal)","Active","20171004"
"8002201","lanolin and mineral oil heavy","lanoline et huile minérale lourde","Active","19921231"
"8002202","lanolin and mineral oil heavy and white petrolatum","lanoline et huile minérale lourde et pétrolatum blanc","Active","20160301"
"8002203","magnesium hydroxide and mineral oil heavy","hydroxyde de magnésium et huile minérale lourde","Inactive","20230731"
"8002204","mineral oil heavy","huile minérale lourde","Active","19511231"
"8002205","mineral oil heavy and mineral oil light","huile minérale lourde et huile minérale légère","Active","20180503"
"8002206","mineral oil heavy and petrolatum","huile minérale lourde et pétrolatum","Active","19941231"
"8002207","mineral oil heavy and white petrolatum","huile minérale lourde et pétrolatum blanc","Active","19891231"
"8002209","phytonadione","phytonadione","Active","19891231"
"8002211","scopolamine hydrobromide","bromhydrate de scopolamine","Active","19811231"
"8002212","sodium aurothiomalate","aurothiomalate de sodium","Inactive","20190604"
"8002213","telotristat","télotristat","Active","20181207"
"8002214","alpha1-proteinase inhibitor human","inhibiteur de l'alpha1-protéinase humain","Active","19961111"
"8002216","amylmetacresol and dichlorobenzyl alcohol and levomenthol","amylmétacrésol et alcool dichlorobenzylique et lévomenthol","Active","20120719"
"8002217","anti-thymocyte immunoglobulin equine","sérum antithymocyte équin","Active","19981204"
"8002218","anti-thymocyte immunoglobulin rabbit","globuline anti-thymocyte lapin","Active","20030506"
"8002220","carboxymethylcellulose","carboxyméthylcellulose","Active","19911231"
"8002221","carboxymethylcellulose and gelatin and pectin","carboxyméthylcellulose et gélatine et pectine","Active","19951231"
"8002222","carboxymethylcellulose and glycerin","carboxyméthylcellulose et glycérine","Active","20150515"
"8002223","carboxymethylcellulose and glycerin and polysorbate 80","carboxyméthylcellulose et glycérine et polysorbate 80","Active","20130306"
"8002224","phospholipid and surfactant-associated proteins sp-b and sp-c","phospholipide et protéines sp-b et sp-c associées au surfactant","Active","20020205"
"8002225","amphetamine mixed salts","sels mixtes d'amphétamine","Active","20040130"
"8002227","choriogonadotropin alfa","choriogonadotropine alfa","Active","20041220"
"8002228","iron dextran","fer dextran","Inactive","20220512"
"8002229","ferric derisomaltose","dérisomaltose ferrique","Active","20181017"
"8002230","iron sucrose","fer-saccharose","Active","20010605"
"8002232","sodium ferric gluconate complex","complexe de gluconate de fer sodique","Active","20050302"
"8002233","C1 esterase inhibitor human","inhibiteur de la C1 estérase humaine","Active","20101006"
"8002234","abobotulinumtoxinA","abobotulinumtoxineA","Active","20130219"
"8002236","bacitracin and gramicidin and lidocaine and polymyxin B","bacitracine et gramicidine et lidocaïne et polymyxine B","Active","20050524"
"8002237","bacitracin and gramicidin and polymyxin B","bacitracine et gramicidine et polymyxine B","Active","19941231"
"8002238","bacitracin and lidocaine and polymyxin B","bacitracine et lidocaïne et polymyxine B","Active","19980527"
"8002239","bacitracin and polymyxin B","bacitracine et polymyxine B","Active","19871231"
"8002240","dexamethasone (base) and neomycin and polymyxin B","dexaméthasone (base) et néomycine et polymyxine B","Active","19631231"
"8002241","gramicidin and lidocaine and polymyxin B","gramicidine et lidocaïne et polymyxine B","Active","19990618"
"8002242","gramicidin and polymyxin B","gramicidine et polymyxine B","Active","19891231"
"8002243","incobotulinumtoxinA","incobotulinumtoxineA","Active","20090721"
"8002244","lidocaine and polymyxin B","lidocaïne et polymyxine B","Active","19991229"
"8002245","onabotulinumtoxinA","onabotulinumtoxineA","Active","19921231"
"8002247","polymyxin B and trimethoprim","polymyxine B et triméthoprime","Active","19931231"
"8002248","simoctocog alfa","simoctocog alfa","Inactive","20240724"
"8002249","calcium gluconate","gluconate de calcium","Active","19840719"
"8002250","polyethylene glycol 3350 and propylene glycol","polyéthylèneglycol 3350 et propylène glycol","Active","19821231"
"8002251","aluminum magnesium hydroxide carbonate and magnesium hydroxide and simethicone","aluminium magnésium hydroxyde carbonate et hydroxyde de magnésium et siméticone","Active","19631231"
"8002252","burosumab","burosumab","Active","20190128"
"8002253","cemiplimab","cémiplimab","Active","20190524"
"8002254","cerliponase alfa","cerliponase alfa","Active","20190318"
"8002255","dacomitinib","dacomitinib","Inactive","20220609"
"8002256","dinutuximab","dinutuximab","Active","20190501"
"8002257","enasidenib","énasidénib","Inactive","20230630"
"8002258","inotersen","inotersen","Active","20190107"
"8002259","isavuconazole","isavuconazole","Active","20190502"
"8002260","latanoprostene bunod","latanoprostène bunod","Active","20190517"
"8002261","lorlatinib","lorlatinib","Active","20190422"
"8002265","pralatrexate","pralatrexate","Active","20190115"
"8002266","risankizumab","risankizumab","Active","20190513"
"8002267","suvorexant","suvorexant","Inactive","20200514"
"8002268","abemaciclib","abémaciclib","Active","20190703"
"8002270","cetrimide","cétrimide","Active","19901231"
"8002271","methimazole","méthimazole","Active","19511231"
"8002272","safinamide","safinamide","Active","20190708"
"8002274","antithrombin III human","antithrombine III humaine","Active","19990705"
"8002275","arginine","arginine","Active","19731231"
"8002277","coagulation factor IX human","facteur IX de coagulation humain","Active","19961018"
"8002279","coagulation factor XIII human","facteur XIII de coagulation humain","Active","20140403"
"8002280","efmoroctocog alfa","éfmoroctocog alfa","Active","20160115"
"8002281","fibrinogen human","fibrinogène humaine","Active","20130131"
"8002283","nonacog alfa","nonacog alfa","Active","20070414"
"8002284","nonacog beta pegol","nonacog bêta pégol","Active","20180323"
"8002285","octocog alfa","octocog alfa","Active","20061006"
"8002287","romosozumab","romosozumab","Active","20190812"
"8002288","susoctocog alfa","susoctocog alfa","Active","20161130"
"8002289","albutrepenonacog alfa","albutrépénonacog alfa","Inactive","20230713"
"8002290","coagulation factor VIII human and von Willebrand factor human","facteur VIII de coagulation humain et facteur de von Willebrand humain","Active","20041206"
"8002291","dolutegravir and lamivudine","dolutégravir et lamivudine","Active","20190909"
"8002294","interferon alfa-2a (peginterferon alfa-2a)","interféron alfa-2a (peginterféron alfa-2a)","Active","20030814"
"8002296","interferon beta-1a (peginterferon beta-1a)","interféron bêta-1a (peginterféron bêta-1a)","Active","20150925"
"8002297","larotrectinib","larotrectinib","Active","20190904"
"8002298","patisiran (lipid complex)","patisiran (complexe lipidique)","Active","20190725"
"8002299","acalabrutinib","acalabrutinib","Active","20191002"
"8002300","bacillus Calmette-Guérin substrain TICE","bacille de Calmette-Guérin sous-souche TICE","Active","19951231"
"8002301","eftrenonacog alfa","eftrénonacog alfa","Active","20151211"
"8002302","galcanezumab","galcanézumab","Active","20191002"
"8002303","sodium zirconium cyclosilicate","cyclosilicate de zirconium sodique","Active","20191017"
"8002304","sulfacetamide","sulfacétamide","Inactive","20191004"
"8002305","edaravone","édavarone","Active","20191029"
"8002307","erdafitinib","erdafitinib","Active","20191209"
"8002308","mineral oil heavy and urea","huile minérale lourde et urée","Inactive","20220620"
"8002309","neratinib","nératinib","Active","20191220"
"8002310","patiromer","patiromère","Active","20191127"
"8002311","phenazopyridine","phénazopyridine","Active","19811231"
"8002312","niraparib","niraparib","Active","20200109"
"8002313","proparacaine","proparacaïne","Active","19711231"
"8002314","rurioctocog alfa pegol","rurioctocog alfa pégol","Active","20180306"
"8002315","upadacitinib","upadacitinib","Active","20200116"
"8002317","gilteritinib","giltéritinib","Active","20200203"
"8002318","icosapent","icosapent","Active","20200207"
"8002319","damoctocog alfa pegol","damoctocog alfa pégol","Active","20200127"
"8002320","emicizumab","émicizumab","Active","20181019"
"8002321","prabotulinumtoxinA","prabotulinumtoxineA","Active","20191016"
"8002322","sucroferric oxyhydroxide","oxyhydroxyde sucro-ferrique","Active","20191120"
"8002324","darolutamide","darolutamide","Active","20200324"
"8002325","entrectinib","entrectinib","Active","20200304"
"8002326","gemtuzumab ozogamicin","gemtuzumab ozogamicine","Active","20200311"
"8002327","siponimod","siponimod","Active","20200424"
"8002328","tafamidis","tafamidis","Active","20200407"
"8002329","trifarotene","trifarotène","Active","20191128"
"8002330","alpelisib","alpélisib","Active","20200629"
"8002331","brolucizumab","brolucizumab","Active","20200515"
"8002332","caffeine","caféine","Active","20200713"
"8002333","esketamine","eskétamine","Active","20200611"
"8002334","isatuximab","isatuximab","Active","20200703"
"8002335","naproxen and sumatriptan","naproxène et sumatriptan","Active","20200724"
"8002336","pramoxine","pramoxine","Active","20200720"
"8002337","fremanezumab","frémanézumab","Active","20200804"
"8002338","halobetasol and tazarotene","halobétasol et tazarotène","Active","20200804"
"8002339","indacaterol and mometasone","indacatérol et mométasone","Active","20200819"
"8002340","tibolone","tibolone","Active","20200729"
"8002341","cabotegravir","cabotégravir","Active","20200921"
"8002342","cabotegravir and rilpivirine","cabotégravir et rilpivirine","Active","20200921"
"8002343","caplacizumab","caplacizumab","Inactive","20250114"
"8002344","etonogestrel","étonogestrel","Active","20200817"
"8002345","glasdegib","glasdégib","Active","20200810"
"8002346","satralizumab","satralizumab","Active","20200826"
"8002347","eszopiclone","eszopiclone","Active","20201020"
"8002348","cedazuridine and decitabine","cédazuridine et décitamine","Active","20201111"
"8002349","glycopyrronium and indacaterol and mometasone","glycopyrronium et indacatérol et mométasone","Active","20201105"
"8002350","remdesivir","remdésivir","Active","20201016"
"8002351","tenapanor","ténapanor","Active","20201123"
"8002352","bamlanivimab","bamlanivimab","Inactive","20230213"
"8002353","tozinameran","tozinaméran","Inactive","20240503"
"8002354","acetaminophen and ibuprofen","acétaminophène et ibuprofène","Active","20201214"
"8002355","amifampridine","amifampridine","Active","20200924"
"8002356","etomidate","étomidate","Active","20200914"
"8002357","elasomeran","élasoméran","Inactive","20240119"
"8002358","polatuzumab vedotin","polatuzumab védotine","Active","20201125"
"8002359","ripretinib","riprétinib","Active","20201210"
"8002360","sonidegib","sonidégib","Active","20201223"
"8002361","tucatinib","tucatinib","Active","20200827"
"8002362","fostamatinib","fostamatinib","Active","20201210"
"8002363","lemborexant","lemborexant","Active","20201106"
"8002364","onasemnogene abeparvovec","onasemnogène abéparvovec","Active","20210204"
"8002365","ozanimod","ozanimod","Active","20201112"
"8002366","trientine","trientine","Active","20201110"
"8002367","ChAdOx1-S (recombinant)","ChAdOx1-S (recombinant)","Inactive","20231219"
"8002368","mecasermin","mécasermine","Active","20210301"
"8002369","dalbavancin","dalbavancine","Active","20210528"
"8002370","decitabine","décitamine","Active","20210324"
"8002371","ranolazine","ranolazine","Active","20210503"
"8002372","drospirenone and estetrol","drospirénone et estétrol","Active","20210615"
"8002373","elexacaftor and ivacaftor and tezacaftor","élexacaftor et ivacaftor et tézacaftor","Active","20210622"
"8002374","fedratinib","fédratinib","Active","20210520"
"8002375","givosiran","givosiran","Active","20201201"
"8002376","luspatercept","luspatercept","Active","20201123"
"8002377","risdiplam","risdiplam","Active","20210519"
"8002378","triheptanoin","triheptanoïne","Active","20210401"
"8002379","zanubrutinib","zanubrutinib","Active","20210330"
"8002380","dextromethorphan and doxylamine and phenylephrine","dextrométhorphane et doxylamine et phényléphrine","Active","20210719"
"8002381","dextromethorphan and guaifenesin and phenylephrine","dextrométhorphane et guaïfénésine et phényléphrine","Active","20210719"
"8002382","trastuzumab deruxtecan","trastuzumab déruxtécan","Active","20210709"
"8002383","casirivimab and imdevimab","casirivimab et imdévimab","Inactive","20240621"
"8002385","solriamfetol","solriamfétol","Active","20210803"
"8002386","tildrakizumab","tildrakizumab","Active","20210804"
"8002387","acetaminophen and dextromethorphan and guaifenesin","acétaminophène et dextrométhorphane et guaïfénésine","Active","20210806"
"8002388","bacillus Calmette-Guérin substrain Russian BCG-I","bacille de Calmette-Guérin sous-souche russe BCG-I","Active","20210830"
"8002389","binimetinib","binimétinib","Active","20210705"
"8002390","encorafenib","encorafénib","Active","20210705"
"8002392","ravulizumab","ravulizumab","Active","20210909"
"8002393","sotorasib","sotorasib","Active","20211022"
"8002394","sotrovimab","sotrovimab","Inactive","20240429"
"8002395","tepotinib","tépotinib","Active","20211007"
"8002396","macitentan and tadalafil","macitentan et tadalafil","Active","20211125"
"8002397","ponesimod","ponésimod","Active","20211101"
"8002398","pralsetinib","pralsétinib","Inactive","20250226"
"8002399","sacituzumab govitecan","sacituzumab govitécan","Active","20211122"
"8002400","Ad26.COV2.S (recombinant)","Ad26.COV2.S (recombinant)","Inactive","20230630"
"8002401","budesonide and formoterol and glycopyrronium","budésonide et formotérol et glycopyrronium","Active","20211203"
"8002402","enfortumab vedotin","enfortumab védotine","Active","20211220"
"8002403","lurbinectedin","lurbinectédine","Active","20211206"
"8002404","midostaurin","midostaurine","Active","20170908"
"8002405","nirmatrelvir and ritonavir","nirmatrelvir et ritonavir","Active","20220118"
"8002406","ospemifene","ospémifène","Active","20220113"
"8002407","pemigatinib","pémigatinib","Active","20211126"
"8002408","pitolisant","pitolisant","Active","20211231"
"8002409","plecanatide","plécanatide","Active","20220112"
"8002410","tafasitamab","tafasitamab","Active","20211206"
"8002411","anifrolumab","anifrolumab","Active","20220301"
"8002412","cenegermin","cénégermine","Inactive","20240717"
"8002413","dostarlimab","dostarlimab","Active","20220222"
"8002414","somatrogon","somatrogon","Active","20220222"
"8002415","turoctocog alfa pegol","turoctocog alfa pégol","Active","20220310"
"8002416","voretigene neparvovec","voretigène néparvovec","Active","20220314"
"8002417","bimekizumab","bimékizumab","Active","20220330"
"8002418","cilgavimab and tixagevimab","cilgavimab et tixagévimab","Inactive","20240327"
"8002419","drospirenone","drospirénone","Active","20220420"
"8002420","polyethylene glycol 400 and tetrahydrozoline","polyethylene glycol 400 et tétrahydrozoline","Active","20220315"
"8002421","tralokinumab","tralokinumab","Active","20220317"
"8002422","amivantamab","amivantamab","Active","20220426"
"8002423","fostemsavir","fostemsavir","Active","20220426"
"8002424","lumasiran","lumasiran","Active","20220505"
"8002425","cariprazine","cariprazine","Active","20220624"
"8002426","palovarotene","palovarotène","Active","20220620"
"8002427","faricimab","faricimab","Active","20220718"
"8002428","selinexor","sélinexor","Active","20220707"
"8002429","selpercatinib","selpercatinib","Active","20220121"
"8002430","SARS-CoV-2 recombinant spike protein","protéine de spicule du SRAS-CoV-2 recombinante","Inactive","20250714"
"8002431","eptinezumab","eptinézumab","Active","20220817"
"8002432","phenylbutyric acid and ursodoxicoltaurine","acide phénylbutyrique et ursodoxicoltaurine","Inactive","20240923"
"8002433","asciminib","asciminib","Active","20220901"
"8002434","belzutifan","belzutifan","Active","20220901"
"8002435","berotralstat","bérotralstat","Active","20220906"
"8002437","pegvaliase","pegvaliase","Active","20220826"
"8002438","prasterone","prastérone","Active","20220902"
"8002439","tebentafusp","tébentafusp","Active","20220823"
"8002440","abrocitinib","abrocitinib","Active","20220929"
"8002441","avalglucosidase alfa","avalglucosidase alfa","Active","20220209"
"8002442","capmatinib","capmatinib","Active","20220916"
"8002443","famtozinameran and tozinameran","famtozinaméran et tozinaméran","Inactive","20240503"
"8002444","inclisiran","inclisiran","Active","20220926"
"8002445","tezepelumab","tézépélumab","Active","20221019"
"8002446","avacopan","avacopan","Active","20221104"
"8002447","finerenone","finérénone","Active","20221122"
"8002448","foscarnet","foscarnet","Active","20210330"
"8002449","maribavir","maribavir","Active","20221025"
"8002450","benzyl alcohol and lidocaine","alcool benzylique et lidocaïne","Active","20220602"
"8002451","chlormethine","chlorméthine","Active","20220914"
"8002453","davesomeran and elasomeran","davésoméran et élasoméran","Inactive","20240119"
"8002454","diamorphine","diamorphine","Active","20220411"
"8002455","elasomeran and imelasomeran","élasoméran et imélasoméran","Inactive","20240119"
"8002457","treosulfan","tréosulfan","Active","20210831"
"8002458","mavacamten","mavacamten","Active","20230109"
"8002459","selumetinib","sélumétinib","Active","20230103"
"8002460","difelikefalin","difélikéfaline","Active","20230206"
"8002461","atogepant","atogépant","Active","20230223"
"8002462","belumosudil","bélumosudil","Active","20230308"
"8002463","deucravacitinib","deucravacitinib","Active","20230214"
"8002464","pegcetacoplan","pegcétacoplan","Active","20230215"
"8002465","lenacapavir","lénacapavir","Active","20230315"
"8002466","ubrogepant","ubrogépant","Active","20230404"
"8002467","crisantaspase","crisantaspase","Active","20230503"
"8002468","spesolimab","spésolimab","Active","20230511"
"8002469","letibotulinumtoxina","létibotulinumtoxina","Active","20230620"
"8002470","mometasone and olopatadine","mométasone et olopatadine","Active","20230317"
"8002471","daridorexant","daridorexant","Active","20230712"
"8002472","glofitamab","glofitamab","Active","20230705"
"8002473","setmelanotide","setmélanotide","Active","20230712"
"8002474","abiraterone and niraparib","abiratérone et niraparib","Active","20230814"
"8002475","camphor and lidocaine","camphre et lidocaïne","Inactive","20220331"
"8002476","maralixibat","maralixibat","Active","20230811"
"8002477","clascoterone","clascotérone","Active","20230908"
"8002478","clevidipine","clévidipine","Active","20230804"
"8002479","mineral oil heavy and petrolatum and phenylephrine","huile minérale lourde et pétrolatum et phényléphrine","Active","20220307"
"8002481","vericiguat","vériciguat","Active","20230919"
"8002483","mirikizumab","mirikizumab","Active","20231003"
"8002484","teclistamab","téclistamab","Active","20231020"
"8002485","tremelimumab","trémélimumab","Active","20231023"
"8002486","evinacumab","évinacumab","Active","20231121"
"8002488","tirzepatide","tirzépatide","Active","20231023"
"8002489","cangrelor","cangrélor","Active","20231130"
"8002490","cenobamate","cénobamate","Active","20231120"
"8002491","efgartigimod alfa","efgartigimod alfa","Active","20231106"
"8002492","epcoritamab","épcoritamab","Active","20231218"
"8002493","somapacitan","somapacitan","Active","20231127"
"8002494","avatrombopag","avatrombopag","Active","20240122"
"8002495","relugolix","rélugolix","Active","20231206"
"8002497","vutrisiran","vutrisiran","Active","20231215"
"8002498","elranatamab","elranatamab","Active","20240123"
"8002499","estradiol and norethindrone and relugolix","estradiol et noréthindrone et rélugolix","Active","20240129"
"8002500","estradiol and progesterone","estradiol et progestérone","Active","20240131"
"8002501","ritlecitinib","ritlécitinib","Active","20240213"
"8002502","nivolumab and relatlimab","nivolumab et rélatlimab","Active","20240212"
"8002503","odevixibat","odévixibat","Active","20240207"
"8002504","capivasertib","capivasertib","Active","20240401"
"8002505","etrasimod","étrasimod","Active","20240418"
"8002506","mogamulizumab","mogamulizumab","Active","20240327"
"8002507","rimegepant","rimégépant","Active","20240325"
"8002508","andexanet alfa","andexanet alfa","Active","20240527"
"8002509","insulin icodec","insuline icodec","Active","20240613"
"8002510","calcium carbonate and simethicone","carbonate de calcium et siméticone","Active","20240708"
"8002511","metreleptin","métréleptine","Active","20240626"
"8002512","landiolol","landiolol","Active","20240811"
"8002513","inebilizumab","inébilizumab","Active","20240618"
"8002514","lebrikizumab","lébrikizumab","Active","20240919"
"8002515","adapalene and benzoyl peroxide and clindamycin","adapalène et peroxyde de benzoyle et clindamycine","Active","20241007"
"8002516","calaspargase pegol","calaspargase pégol","Active","20241016"
"8002517","eplontersen","éplontersen","Active","20241007"
"8002518","SARSCoV2 S-protein mRNA, 5'[m27,3'-oGppp(m12'-O)ApG], 3'polyA+linker","ARNm de SRASCOV2 S-protéine, 5'[m27,3'-oGppp(m12'-O)ApG], polyA 3'+liaison","Active","20240924"
"8002519","SARSCoV2 S-protein mRNA, 5'(m7G-5'-ppp-5'-Gm), 3'polyA","ARNm de SRASCOV2 S-protéine, 5'(m7G-5'-ppp-5'-Gm), polyA 3'","Active","20240924"
"8002520","ivosidenib","ivosidénib","Active","20241028"
"8002521","olipudase alfa","olipudase alfa","Active","20241018"
"8002522","vorasidenib","vorasidénib","Active","20241021"
"8002523","avapritinib","avapritinib","Active","20241202"
"8002524","danicopan","danicopan","Active","20241107"
"8002525","fruquintinib","fruquintinib","Active","20241030"
"8002526","tarlatamab","tarlatamab","Active","20241128"
"8002527","ferric carboxymaltose","carboxymaltose ferrique","Active","20241107"
"8002528","momelotinib","momélotinib","Active","20250121"
"8002529","perfluorohexyloctane","perfluorohexyloctane","Active","20241218"
"8002531","sotatercept","sotatercept","Active","20250212"
"8002532","trofinetide","trofinétide","Active","20250212"
"8002533","baloxavir","baloxavir","Active","20250305"
"8002534","ferric maltol","maltol ferrique","Active","20250228"
"8002535","fezolinetant","fézolinétant","Active","20250311"
"8002536","calcium oxybate and magnesium oxybate and potassium oxybate and sodium oxybate","oxybate de calcium et oxybate de magnésium et oxybate de potassium et oxybate de sodium","Active","20231004"
"8002537","inavolisib","inavolisib","Active","20250410"
"8002538","iptacopan","iptacopan","Active","20250328"
"8002539","talquetamab","talquétamab","Active","20250304"
"8002540","zilucoplan","zilucoplan","Active","20250317"
"8002541","zolbetuximab","zolbétuximab","Active","20250401"
"8002542","sodium oxybate","oxybate de sodium","Active","20070803"
"8002543","elafibranor","élafibranor","Active","20250520"
"8002544","lazertinib","lazertinib","Active","20250428"
"8002545","talazoparib","talazoparib","Active","20250516"
"8002546","tofersen","tofersen","Active","20250514"
"8002547","omaveloxolone","omavéloxolone","Active","20250529"
"8002548","fecal microbiota","microbiota fécal","Active","20250610"
"8002549","meropenem and vaborbactam","méropénem et vaborbactam","Active","20250630"
"8002550","acetaminophen and chlorpheniramine and dextromethorphan and guaifenesin and menthol","acétaminophène et chlorphéniramine et dextrométhorphane et guaïfénésine et menthol","Active","20250801"
"8002551","acetaminophen and chlorpheniramine and dextromethorphan and menthol","acétaminophène et chlorphéniramine et dextrométhorphane et menthol","Active","20250801"
"8002552","belantamab mafodotin","bélantamab mafodotine","Active","20250811"
"8002553","teplizumab","téplizumab","Active","20250820"
"8002554","delgocitinib","delgocitinib","Active","20250828"
"8002555","dexamethasone (base) and levofloxacin","dexaméthasone (base) et lévofloxacine","Active","20250821"
"8002556","rozanolixizumab","rozanolixizumab","Active","20250905"
"8002557","bulevirtide","bulévirtide","Active","20251007"
"8002558","tapinarof","tapinarof","Active","20250925"
"8002559","crovalimab","crovalimab","Active","20251110"
"8002560","quizartinib","quizartinib","Active","20251030"
"8002561","retifanlimab","rétifanlimab","Active","20250814"
"8002563","bismuth oxide and metronidazole and tetracycline","oxyde de bismuth et métronidazole et tétracycline","Active","20251211"
"8002564","cipaglucosidase alfa","cipaglucosidase alfa","Active","20251205"
"8002565","efanesoctocog alfa","efanesoctocog alfa","Active","20251209"
"8002566","lecanemab","lécanémab","Active","20251216"
"8002567","pirtobrutinib","pirtobrutinib","Active","20251128"
"8002568","seladelpar","séladelpar","Active","20251125"
"8002569","sepiapterin","sépiaptérine","Active","20251201"
"8001940","sodium oxybate","oxybate de sodium","Deprec","20250303"
"8002530","oxybate","oxybate","Deprec","20250505"
"8002487","raxtozinameran","raxtozinaméran","Inactive","20250303"
"8002384","sodium nitrite","nitrate de sodium","Deprec","20250102"
"8002436","obiltoxaximab","obiltoxaximab","Deprec","20250102"
"8002456","tecovirimat","técovirimat","Deprec","20250102"
"8002496","SARS-CoV-2 recombinant spike protein (omicron XBB.1.5)","protéine de spicule du SRAS-CoV-2 recombinante (Omicron XBB.1.5)","Inactive","20240924"
"8001756","docosanol","docosanol","Deprec","20231201"
"8001659","glycopyrrolate","glycopyrrolate","Deprec","20190401"
"8002482","andusomeran","andusoméran","Inactive","20240924"
